0,0,100.0
0,1,1.75
0,2,1.5
0,3,0.5
0,4,0.5
0,5,1.75
0,6,2.5
0,7,1.5
0,8,1.0
0,9,1.5
0,10,2.25
0,11,1.75
0,12,1.0
0,13,2.25
0,14,2.25
0,15,1.25
0,16,1.0
0,17,1.5
0,18,2.0
0,19,1.0
0,20,1.75
0,21,100.0
0,22,100.0
0,23,100.0
0,67,100.0
0,68,0.25
0,89,100.0
1,0,2.25
1,1,100.0
1,2,0.5
1,3,1.25
1,4,1.5
1,5,1.5
1,6,2.5
1,7,2.75
1,8,2.0
1,9,1.5
1,10,1.0
1,11,0.75
1,12,1.75
1,13,1.5
1,14,2.25
1,15,1.0
1,16,1.25
1,17,1.25
1,18,2.0
1,19,2.5
1,20,0.75
1,21,1.5
1,22,100.0
1,23,0.25
1,67,100.0
1,68,0.25
1,88,100.0
2,0,2.5
2,1,0.75
2,2,100.0
2,3,1.5
2,4,3.0
2,5,2.75
2,6,1.0
2,7,0.75
2,8,2.5
2,9,1.75
2,10,1.75
2,11,0.5
2,12,2.0
2,13,1.75
2,14,2.75
2,15,2.75
2,16,1.0
2,17,2.25
2,18,2.0
2,19,2.5
2,20,1.75
2,21,1.0
2,22,100.0
2,23,0.25
2,67,100.0
2,68,0.25
2,87,100.0
3,0,2.0
3,1,0.5
3,2,0.75
3,3,100.0
3,4,1.25
3,5,2.0
3,6,2.0
3,7,2.0
3,8,1.75
3,9,2.0
3,10,1.25
3,11,0.75
3,12,1.5
3,13,2.5
3,14,1.25
3,15,0.75
3,16,2.0
3,17,1.0
3,18,1.0
3,19,0.75
3,20,2.5
3,21,2.25
3,22,100.0
3,23,0.25
3,67,100.0
3,68,0.25
3,86,100.0
4,0,0.75
4,1,2.75
4,2,2.0
4,3,1.0
4,4,100.0
4,5,1.0
4,6,3.0
4,7,2.75
4,8,2.25
4,9,2.25
4,10,1.0
4,11,0.75
4,12,2.5
4,13,1.75
4,14,1.75
4,15,2.5
4,16,0.5
4,17,2.75
4,18,2.0
4,19,2.25
4,20,1.0
4,21,2.25
4,22,100.0
4,23,0.25
4,68,0.25
4,85,100.0
5,0,2.25
5,1,0.5
5,2,1.75
5,3,1.25
5,4,2.0
5,5,100.0
5,6,1.0
5,7,2.5
5,8,2.25
5,9,1.75
5,10,0.75
5,11,1.75
5,12,1.0
5,13,2.0
5,14,0.5
5,15,1.0
5,16,0.75
5,17,2.5
5,18,0.75
5,19,2.5
5,20,1.0
5,21,2.25
5,22,100.0
5,23,0.25
5,68,100.0
5,69,100.0
5,70,100.0
5,71,100.0
5,72,100.0
5,73,100.0
5,74,100.0
5,75,100.0
5,76,2.25
5,77,2.25
5,78,2.25
5,79,2.0
5,80,2.0
5,81,1.5
5,82,1.5
5,84,100.0
6,0,2.0
6,1,2.5
6,2,0.5
6,3,1.5
6,4,2.75
6,5,0.75
6,6,100.0
6,7,3.0
6,8,2.25
6,9,2.0
6,10,2.75
6,11,1.0
6,12,1.25
6,13,2.25
6,14,2.0
6,15,1.0
6,16,2.0
6,17,0.75
6,18,2.0
6,19,0.75
6,20,1.5
6,21,1.75
6,22,100.0
6,23,0.25
6,68,0.25
6,83,100.0
7,0,2.5
7,1,2.5
7,2,2.25
7,3,2.5
7,4,2.25
7,5,2.0
7,6,2.75
7,7,100.0
7,8,0.5
7,9,1.0
7,10,0.75
7,11,1.75
7,12,1.5
7,13,0.75
7,14,2.25
7,15,0.5
7,16,2.0
7,17,1.0
7,18,2.25
7,19,2.25
7,20,1.0
7,21,2.25
7,22,100.0
7,23,0.25
7,68,0.25
7,82,100.0
8,0,1.25
8,1,2.75
8,2,2.5
8,3,0.5
8,4,0.75
8,5,2.5
8,6,1.0
8,7,2.0
8,8,100.0
8,9,2.75
8,10,2.0
8,11,1.75
8,12,2.25
8,13,1.75
8,14,1.25
8,15,1.0
8,16,2.25
8,17,2.25
8,18,1.5
8,19,1.25
8,20,1.5
8,21,1.75
8,22,100.0
8,23,0.25
8,67,100.0
8,68,0.25
8,81,100.0
9,0,1.0
9,1,0.75
9,2,2.5
9,3,1.25
9,4,2.75
9,5,1.0
9,6,0.5
9,7,1.0
9,8,1.25
9,9,100.0
9,10,1.25
9,11,2.5
9,12,1.75
9,13,1.5
9,14,2.75
9,15,1.25
9,16,1.25
9,17,2.75
9,18,0.75
9,19,0.5
9,20,1.75
9,21,2.25
9,22,100.0
9,23,0.25
9,67,100.0
9,68,0.25
9,80,100.0
10,0,1.5
10,1,1.5
10,2,2.5
10,3,0.75
10,4,0.75
10,5,1.0
10,6,1.75
10,7,3.0
10,8,2.75
10,9,2.0
10,10,100.0
10,11,1.25
10,12,2.5
10,13,2.25
10,14,2.5
10,15,2.75
10,16,0.75
10,17,1.75
10,18,1.25
10,19,0.75
10,20,1.25
10,21,2.75
10,22,100.0
10,23,0.25
10,67,100.0
10,68,0.25
10,79,100.0
11,0,1.25
11,1,1.75
11,2,1.0
11,3,1.25
11,4,0.75
11,5,2.25
11,6,1.5
11,7,2.25
11,8,2.0
11,9,2.0
11,10,1.75
11,11,100.0
11,12,1.75
11,13,1.25
11,14,2.5
11,15,0.75
11,16,2.25
11,17,2.0
11,18,2.75
11,19,2.5
11,20,1.75
11,21,3.0
11,22,100.0
11,23,0.25
11,33,100.0
11,34,100.0
11,35,100.0
11,36,100.0
11,37,100.0
11,38,100.0
11,39,100.0
11,40,100.0
11,41,100.0
11,42,100.0
11,43,100.0
11,44,100.0
11,45,100.0
11,46,100.0
11,47,100.0
11,48,100.0
11,49,100.0
11,50,100.0
11,51,100.0
11,52,100.0
11,53,100.0
11,54,100.0
11,55,100.0
11,56,100.0
11,57,100.0
11,58,100.0
11,59,100.0
11,60,100.0
11,61,100.0
11,62,100.0
11,63,100.0
11,64,100.0
11,65,100.0
11,66,100.0
11,67,100.0
11,68,100.0
11,69,100.0
11,70,100.0
11,71,100.0
11,72,100.0
11,73,100.0
11,74,100.0
11,75,100.0
11,76,100.0
11,77,100.0
11,78,100.0
11,79,1.0
11,80,0.75
11,81,1.0
11,82,1.25
11,83,1.0
11,84,1.5
11,85,1.5
11,86,1.25
11,87,1.0
11,88,0.75
11,89,1.0
12,0,0.75
12,1,1.0
12,2,2.75
12,3,1.25
12,4,2.5
12,5,2.75
12,6,1.5
12,7,1.0
12,8,0.75
12,9,2.25
12,10,2.25
12,11,3.0
12,12,1.5
12,13,1.75
12,14,2.25
12,15,1.5
12,16,1.5
12,17,1.5
12,18,1.0
12,19,2.75
12,20,1.5
12,21,2.5
12,22,100.0
12,23,0.25
12,33,100.0
12,45,1.0
12,46,0.75
12,47,1.0
12,48,1.25
12,49,1.5
12,50,1.0
12,51,1.0
12,52,1.25
12,53,0.75
12,54,1.0
12,55,1.0
12,56,1.25
12,57,1.5
12,58,1.0
12,59,1.25
12,60,1.0
12,61,1.25
12,62,1.5
12,63,1.25
12,64,1.0
12,65,1.25
12,66,1.0
12,67,100.0
12,68,0.25
12,69,1.5
12,70,1.5
12,71,1.25
12,72,1.0
12,73,0.75
12,74,1.25
12,75,1.5
12,76,1.0
12,77,1.5
12,78,1.25
12,79,1.25
12,80,1.5
12,81,1.0
12,82,1.0
12,83,1.0
12,84,1.0
12,85,0.75
12,86,1.25
12,87,1.0
12,88,1.0
12,89,1.0
13,0,2.25
13,1,0.75
13,2,1.25
13,3,2.0
13,4,3.0
13,5,0.75
13,6,2.75
13,7,2.75
13,8,1.25
13,9,0.5
13,10,1.75
13,11,2.75
13,12,2.75
13,13,0.75
13,14,3.0
13,15,2.25
13,16,1.0
13,17,2.75
13,18,1.75
13,19,0.75
13,20,2.75
13,21,3.0
13,22,100.0
13,23,0.25
13,33,100.0
13,45,1.25
13,46,1.5
13,47,1.5
13,48,0.75
13,49,1.25
13,50,1.5
13,51,1.0
13,52,1.25
13,53,1.5
13,54,1.0
13,55,1.25
13,56,1.25
13,57,1.0
13,58,1.25
13,59,1.0
13,60,1.5
13,61,1.5
13,62,0.75
13,63,1.0
13,64,1.5
13,65,1.5
13,66,0.75
13,67,100.0
13,68,0.25
13,69,1.0
13,70,1.25
13,71,1.0
13,72,1.25
13,73,1.25
13,74,1.0
13,75,1.25
13,76,1.0
13,77,1.0
13,78,1.0
13,79,0.75
13,80,1.0
13,81,1.25
13,82,1.0
13,83,0.75
13,84,1.25
13,85,1.25
13,86,1.0
13,87,1.0
13,88,1.0
13,89,1.25
14,0,1.0
14,1,2.75
14,2,0.75
14,3,2.5
14,4,2.5
14,5,1.5
14,6,2.75
14,7,2.75
14,8,1.75
14,9,1.25
14,10,1.0
14,11,1.25
14,12,1.75
14,13,2.25
14,14,1.5
14,15,2.0
14,16,0.75
14,17,1.75
14,18,2.5
14,19,2.0
14,20,2.5
14,21,2.5
14,22,100.0
14,23,0.25
14,33,100.0
14,45,1.0
14,46,1.0
14,47,1.0
14,48,1.0
14,49,1.5
14,50,1.0
14,51,1.0
14,52,1.25
14,53,1.5
14,54,1.25
14,55,1.25
14,56,1.5
14,57,1.25
14,58,1.25
14,59,1.25
14,60,0.75
14,61,1.0
14,62,1.0
14,63,1.0
14,64,1.25
14,65,0.75
14,66,1.25
14,67,100.0
14,68,0.25
14,69,1.0
14,70,1.0
14,71,1.0
14,72,1.0
14,73,1.0
14,74,1.0
14,75,0.75
14,76,1.0
14,77,1.25
14,78,1.0
14,79,0.75
14,80,1.0
14,81,1.25
14,82,1.0
14,83,1.25
14,84,1.0
14,85,1.5
14,86,0.75
14,87,1.25
14,88,1.25
14,89,1.5
15,0,2.75
15,1,2.5
15,2,1.5
15,3,1.75
15,4,0.75
15,5,2.5
15,6,2.25
15,7,2.75
15,8,2.75
15,9,1.75
15,10,1.25
15,11,2.5
15,12,0.5
15,13,1.25
15,14,2.25
15,15,2.0
15,16,1.5
15,17,2.25
15,18,1.75
15,19,2.75
15,20,1.75
15,21,2.75
15,22,100.0
15,23,0.25
15,33,100.0
15,45,1.0
15,46,1.0
15,47,1.25
15,48,0.75
15,49,1.0
15,50,1.0
15,51,1.0
15,52,1.0
15,53,1.0
15,54,1.0
15,55,1.25
15,56,1.0
15,57,0.75
15,58,1.0
15,59,1.0
15,60,1.5
15,61,1.25
15,62,1.0
15,63,1.25
15,64,1.25
15,65,1.0
15,66,0.75
15,67,100.0
15,68,0.25
15,69,1.25
15,70,1.25
15,71,1.0
15,72,1.0
15,73,1.25
15,74,1.0
15,75,1.25
15,76,1.25
15,77,1.0
15,78,0.75
15,79,1.25
15,80,1.0
15,81,1.25
15,82,1.0
15,83,1.0
15,84,1.0
15,85,1.5
15,86,0.75
15,87,1.0
15,88,0.75
15,89,1.0
16,0,1.0
16,1,0.5
16,2,1.5
16,3,2.0
16,4,2.0
16,5,1.75
16,6,1.25
16,7,3.0
16,8,2.75
16,9,1.0
16,10,1.5
16,11,1.75
16,12,1.75
16,13,1.5
16,14,3.0
16,15,1.0
16,16,1.25
16,17,2.5
16,18,1.0
16,19,0.75
16,20,2.75
16,21,2.25
16,22,100.0
16,23,0.25
16,33,100.0
16,45,1.0
16,46,1.25
16,47,1.5
16,48,1.25
16,49,1.0
16,50,1.5
16,51,1.0
16,52,1.25
16,53,1.25
16,54,1.0
16,55,0.75
16,56,1.5
16,57,1.25
16,58,1.0
16,59,0.75
16,60,1.25
16,61,1.25
16,62,1.5
16,63,0.75
16,64,1.25
16,65,1.25
16,66,1.25
16,67,100.0
16,68,0.25
16,69,1.5
16,70,0.75
16,71,1.25
16,72,1.5
16,73,0.75
16,74,1.0
16,75,1.25
16,76,1.25
16,77,1.5
16,78,0.75
16,79,1.25
16,80,1.25
16,81,1.25
16,82,1.0
16,83,1.0
16,84,1.0
16,85,1.25
16,86,1.25
16,87,1.0
16,88,1.25
16,89,1.25
17,0,1.5
17,1,3.0
17,2,1.75
17,3,1.75
17,4,2.75
17,5,2.75
17,6,1.75
17,7,0.75
17,8,2.5
17,9,0.5
17,10,2.5
17,11,2.5
17,12,1.25
17,13,0.75
17,14,2.0
17,15,3.0
17,16,1.5
17,17,1.25
17,18,2.25
17,19,1.75
17,20,0.75
17,21,2.0
17,22,100.0
17,23,0.25
17,33,100.0
17,45,1.0
17,46,1.0
17,47,1.0
17,48,1.0
17,49,1.25
17,50,1.25
17,51,1.25
17,52,1.25
17,53,1.25
17,54,1.25
17,55,1.5
17,56,1.5
17,57,1.0
17,58,1.0
17,59,1.25
17,60,1.0
17,61,1.25
17,62,1.0
17,63,0.75
17,64,1.25
17,65,1.5
17,66,0.75
17,67,100.0
17,68,0.25
17,69,1.0
17,70,1.25
17,71,1.25
17,72,1.25
17,73,1.25
17,74,1.5
17,75,1.0
17,76,1.5
17,77,1.0
17,78,1.0
17,79,1.25
17,80,1.25
17,81,1.5
17,82,1.5
17,83,1.25
17,84,1.25
17,85,1.0
17,86,1.5
17,87,1.0
17,88,1.0
17,89,1.25
18,0,1.25
18,1,1.25
18,2,2.5
18,3,1.0
18,4,2.25
18,5,2.25
18,6,2.75
18,7,1.25
18,8,1.75
18,9,2.75
18,10,2.75
18,11,2.5
18,12,0.75
18,13,1.75
18,14,1.75
18,15,3.0
18,16,2.5
18,17,0.75
18,18,2.0
18,19,1.25
18,20,2.0
18,21,1.75
18,22,100.0
18,23,0.25
18,33,100.0
18,45,1.0
18,46,1.0
18,47,1.0
18,48,1.0
18,49,1.25
18,50,0.75
18,51,0.75
18,52,1.0
18,53,0.75
18,54,1.25
18,55,1.0
18,56,0.75
18,57,1.0
18,58,1.25
18,59,1.25
18,60,1.0
18,61,1.25
18,62,1.25
18,63,1.5
18,64,1.25
18,65,1.25
18,66,1.25
18,67,100.0
18,68,0.25
18,69,1.5
18,70,1.0
18,71,1.0
18,72,0.75
18,73,1.5
18,74,1.25
18,75,1.25
18,76,0.75
18,77,1.0
18,78,1.0
18,79,1.0
18,80,1.25
18,81,1.5
18,82,1.0
18,83,0.75
18,84,1.25
18,85,1.25
18,86,1.25
18,87,1.25
18,88,1.25
18,89,1.5
19,0,2.5
19,1,2.25
19,2,2.75
19,3,2.5
19,4,1.25
19,5,1.75
19,6,1.0
19,7,1.75
19,8,1.25
19,9,2.5
19,10,1.0
19,11,2.25
19,12,2.5
19,13,0.5
19,14,1.5
19,15,1.5
19,16,2.0
19,17,2.25
19,18,3.0
19,19,1.5
19,20,1.75
19,21,0.5
19,22,100.0
19,23,0.25
19,33,100.0
19,45,1.5
19,46,1.0
19,47,1.25
19,48,1.0
19,49,1.5
19,50,1.0
19,51,1.0
19,52,0.75
19,53,1.25
19,54,1.25
19,55,1.0
19,56,1.5
19,57,1.0
19,58,1.5
19,59,1.5
19,60,1.5
19,61,1.25
19,62,1.5
19,63,0.75
19,64,1.5
19,65,1.0
19,66,1.25
19,67,100.0
19,68,0.25
19,69,1.0
19,70,1.0
19,71,1.25
19,72,1.25
19,73,1.25
19,74,1.0
19,75,1.25
19,76,1.25
19,77,1.0
19,78,1.0
19,79,1.0
19,80,1.5
19,81,1.5
19,82,1.25
19,83,1.25
19,84,1.5
19,85,1.5
19,86,1.0
19,87,1.0
19,88,1.0
19,89,1.0
20,0,0.75
20,1,2.0
20,2,0.5
20,3,2.0
20,4,1.75
20,5,2.0
20,6,1.0
20,7,2.75
20,8,2.75
20,9,1.25
20,10,1.75
20,11,1.0
20,12,2.75
20,13,1.75
20,14,3.0
20,15,1.75
20,16,2.5
20,17,0.75
20,18,2.75
20,19,2.75
20,20,2.75
20,21,1.75
20,22,100.0
20,23,0.25
20,33,100.0
20,45,1.25
20,46,1.0
20,47,1.0
20,48,1.0
20,49,1.5
20,50,0.75
20,51,1.25
20,52,1.0
20,53,1.25
20,54,1.25
20,55,1.25
20,56,1.25
20,57,1.25
20,58,1.25
20,59,1.0
20,60,1.0
20,61,1.5
20,62,1.25
20,63,1.25
20,64,1.0
20,65,1.0
20,66,1.25
20,67,100.0
20,68,0.25
20,69,1.25
20,70,1.5
20,71,1.25
20,72,1.0
20,73,1.25
20,74,1.25
20,75,0.75
20,76,1.25
20,77,1.0
20,78,1.0
20,79,1.25
20,80,1.0
20,81,1.0
20,82,1.25
20,83,1.25
20,84,0.75
20,85,1.0
20,86,1.0
20,87,1.0
20,88,1.0
20,89,1.5
21,0,1.25
21,1,0.75
21,2,2.5
21,3,2.75
21,4,2.5
21,5,1.25
21,6,0.75
21,7,2.0
21,8,1.0
21,9,1.0
21,10,1.5
21,11,1.25
21,12,1.25
21,13,1.25
21,14,1.75
21,15,1.0
21,16,2.75
21,17,1.75
21,18,0.75
21,19,1.0
21,20,2.0
21,21,3.0
21,22,100.0
21,23,0.25
21,33,100.0
21,45,1.25
21,46,1.0
21,47,1.0
21,48,1.0
21,49,1.0
21,50,1.0
21,51,1.5
21,52,1.25
21,53,0.75
21,54,1.25
21,55,1.0
21,56,1.25
21,57,1.0
21,58,1.0
21,59,0.75
21,60,1.25
21,61,1.25
21,62,0.75
21,63,1.5
21,64,1.25
21,65,1.0
21,66,1.0
21,67,100.0
21,68,0.25
21,69,1.5
21,70,0.75
21,71,1.0
21,72,1.25
21,73,1.0
21,74,1.25
21,75,0.75
21,76,0.75
21,77,1.5
21,78,1.0
21,79,0.75
21,80,1.5
21,81,1.0
21,82,1.25
21,83,1.5
21,84,1.0
21,85,1.0
21,86,1.5
21,87,1.0
21,88,1.0
21,89,1.25
22,0,100.0
22,1,100.0
22,2,100.0
22,3,100.0
22,4,100.0
22,5,100.0
22,6,100.0
22,7,100.0
22,8,100.0
22,9,100.0
22,10,100.0
22,11,100.0
22,12,0.75
22,13,1.5
22,14,1.5
22,15,2.0
22,16,0.75
22,17,1.0
22,18,0.75
22,19,2.0
22,20,2.5
22,21,1.0
22,22,100.0
22,23,2.0
22,33,100.0
22,34,100.0
22,35,100.0
22,36,100.0
22,37,100.0
22,38,100.0
22,39,100.0
22,40,100.0
22,41,100.0
22,42,100.0
22,43,100.0
22,44,100.0
22,45,100.0
22,46,1.25
22,47,1.25
22,48,1.0
22,49,1.0
22,50,1.5
22,51,1.5
22,52,1.5
22,53,1.25
22,54,1.25
22,55,1.5
22,56,100.0
22,57,100.0
22,58,100.0
22,59,100.0
22,60,100.0
22,61,100.0
22,62,100.0
22,63,100.0
22,64,100.0
22,65,100.0
22,66,100.0
22,67,100.0
22,68,0.25
22,69,1.0
22,70,1.25
22,71,1.0
22,72,0.75
22,73,0.75
22,74,0.75
22,75,1.0
22,76,1.25
22,77,1.0
22,78,100.0
22,79,100.0
22,80,100.0
22,81,100.0
22,82,100.0
22,83,100.0
22,84,100.0
22,85,100.0
22,86,100.0
22,87,100.0
22,88,100.0
22,89,100.0
23,0,0.25
23,1,0.25
23,2,0.25
23,3,0.25
23,4,0.25
23,5,0.25
23,6,0.25
23,7,0.25
23,8,0.25
23,9,0.25
23,10,0.25
23,11,0.25
23,23,100.0
23,24,2.0
23,33,0.25
23,34,0.25
23,35,0.25
23,36,0.25
23,37,0.25
23,38,0.25
23,39,0.25
23,40,0.25
23,41,0.25
23,42,0.25
23,43,0.25
23,44,0.25
23,45,0.25
23,46,1.25
23,47,1.0
23,48,1.25
23,49,1.0
23,50,1.25
23,51,1.25
23,52,1.25
23,53,1.0
23,54,0.75
23,55,1.25
23,56,0.25
23,57,0.25
23,58,0.25
23,59,0.25
23,60,0.25
23,61,0.25
23,62,0.25
23,63,0.25
23,64,0.25
23,65,0.25
23,66,0.25
23,67,0.25
23,68,100.0
23,69,1.5
23,70,1.25
23,71,1.25
23,72,1.0
23,73,1.25
23,74,1.5
23,75,1.0
23,76,1.25
23,77,1.25
23,78,0.25
23,79,0.25
23,80,0.25
23,81,0.25
23,82,0.25
23,83,0.25
23,84,0.25
23,85,0.25
23,86,0.25
23,87,0.25
23,88,0.25
23,89,0.25
24,24,100.0
24,25,2.0
24,45,1.0
24,46,0.75
24,47,1.25
24,48,1.25
24,49,1.0
24,50,1.25
24,51,1.0
24,52,1.25
24,53,1.25
24,54,1.5
24,55,1.5
24,56,1.25
24,57,1.0
24,58,0.75
24,59,1.25
24,60,1.25
24,61,1.0
24,62,1.0
24,63,1.0
24,64,1.25
24,65,1.25
24,66,1.5
24,67,0.75
24,68,1.25
24,69,100.0
24,70,0.75
24,71,1.0
24,72,1.25
24,73,1.0
24,74,1.0
24,75,1.25
24,76,1.25
24,77,1.25
24,78,1.0
24,79,1.0
24,80,1.0
24,81,1.0
24,82,1.0
24,83,1.25
24,84,1.5
24,85,1.25
24,86,1.0
24,87,0.75
24,88,1.0
24,89,1.25
25,25,100.0
25,26,2.0
25,45,1.25
25,46,1.0
25,47,1.0
25,48,1.0
25,49,0.75
25,50,1.25
25,51,1.0
25,52,1.25
25,53,1.25
25,54,1.25
25,55,1.0
25,56,1.25
25,57,1.0
25,58,1.25
25,59,1.25
25,60,1.25
25,61,1.25
25,62,1.25
25,63,1.5
25,64,1.5
25,65,0.75
25,66,0.75
25,67,1.5
25,68,0.75
25,69,1.5
25,70,100.0
25,71,1.25
25,72,1.0
25,73,1.25
25,74,1.0
25,75,1.25
25,76,1.25
25,77,1.5
25,78,1.0
25,79,1.5
25,80,1.5
25,81,1.0
25,82,1.25
25,83,1.0
25,84,1.5
25,85,1.25
25,86,1.25
25,87,1.25
25,88,1.5
25,89,1.5
26,26,100.0
26,27,2.0
26,45,1.5
26,46,1.5
26,47,1.25
26,48,1.5
26,49,1.5
26,50,1.25
26,51,0.75
26,52,1.5
26,53,1.0
26,54,1.0
26,55,1.25
26,56,1.5
26,57,1.0
26,58,1.0
26,59,1.0
26,60,0.75
26,61,0.75
26,62,1.25
26,63,1.25
26,64,1.0
26,65,1.0
26,66,1.5
26,67,1.0
26,68,0.75
26,69,1.25
26,70,1.0
26,71,100.0
26,72,1.0
26,73,1.0
26,74,1.25
26,75,1.25
26,76,1.0
26,77,1.25
26,78,0.75
26,79,0.75
26,80,1.25
26,81,1.5
26,82,1.0
26,83,1.0
26,84,1.25
26,85,0.75
26,86,1.0
26,87,1.5
26,88,1.0
26,89,1.5
27,27,100.0
27,28,2.0
27,45,1.5
27,46,1.25
27,47,1.25
27,48,1.25
27,49,1.25
27,50,0.75
27,51,0.75
27,52,1.5
27,53,0.75
27,54,1.25
27,55,1.5
27,56,1.25
27,57,1.5
27,58,0.75
27,59,1.25
27,60,1.0
27,61,1.0
27,62,1.5
27,63,0.75
27,64,1.0
27,65,1.0
27,66,1.5
27,67,1.0
27,68,1.5
27,69,1.0
27,70,1.25
27,71,1.0
27,72,100.0
27,73,1.25
27,74,1.25
27,75,1.5
27,76,1.25
27,77,1.25
27,78,1.25
27,79,1.25
27,80,1.25
27,81,1.25
27,82,1.25
27,83,1.5
27,84,0.75
27,85,1.0
27,86,1.25
27,87,1.25
27,88,1.0
27,89,1.25
28,28,100.0
28,29,2.0
28,45,1.5
28,46,1.25
28,47,1.0
28,48,1.0
28,49,1.25
28,50,0.75
28,51,1.25
28,52,1.0
28,53,0.75
28,54,0.75
28,55,0.75
28,56,1.25
28,57,0.75
28,58,1.25
28,59,1.0
28,60,1.5
28,61,1.0
28,62,1.5
28,63,1.25
28,64,1.0
28,65,1.0
28,66,0.75
28,67,1.5
28,68,1.25
28,69,0.75
28,70,1.25
28,71,1.25
28,72,1.5
28,73,100.0
28,74,1.25
28,75,1.0
28,76,1.25
28,77,1.0
28,78,1.5
28,79,1.5
28,80,1.0
28,81,1.5
28,82,1.0
28,83,0.75
28,84,1.5
28,85,1.5
28,86,0.75
28,87,1.0
28,88,1.0
28,89,0.75
29,29,100.0
29,30,2.0
29,45,0.75
29,46,1.0
29,47,1.0
29,48,1.25
29,49,1.25
29,50,1.5
29,51,1.25
29,52,1.0
29,53,1.25
29,54,1.0
29,55,1.25
29,56,1.25
29,57,1.0
29,58,1.25
29,59,0.75
29,60,1.0
29,61,1.0
29,62,1.0
29,63,1.0
29,64,1.0
29,65,1.25
29,66,1.0
29,67,1.0
29,68,1.0
29,69,1.0
29,70,1.25
29,71,0.75
29,72,0.75
29,73,1.0
29,74,100.0
29,75,1.25
29,76,0.75
29,77,1.25
29,78,1.25
29,79,1.25
29,80,1.25
29,81,0.75
29,82,1.5
29,83,1.0
29,84,1.0
29,85,1.5
29,86,1.0
29,87,1.25
29,88,1.0
29,89,1.25
30,30,100.0
30,31,2.0
30,45,1.25
30,46,1.25
30,47,1.25
30,48,1.25
30,49,0.75
30,50,1.5
30,51,1.25
30,52,1.25
30,53,1.5
30,54,0.75
30,55,1.0
30,56,1.25
30,57,1.0
30,58,1.0
30,59,1.25
30,60,1.25
30,61,1.25
30,62,1.25
30,63,1.0
30,64,1.0
30,65,1.25
30,66,1.25
30,67,1.5
30,68,1.5
30,69,1.0
30,70,1.0
30,71,1.0
30,72,1.5
30,73,1.5
30,74,1.0
30,75,100.0
30,76,1.5
30,77,1.0
30,78,1.25
30,79,1.0
30,80,1.25
30,81,1.25
30,82,1.25
30,83,0.75
30,84,1.0
30,85,1.0
30,86,1.0
30,87,1.0
30,88,1.0
30,89,0.75
31,31,100.0
31,32,2.0
31,45,1.5
31,46,0.75
31,47,1.25
31,48,1.0
31,49,1.0
31,50,1.0
31,51,1.0
31,52,1.0
31,53,1.5
31,54,1.5
31,55,1.5
31,56,1.0
31,57,1.25
31,58,1.0
31,59,1.0
31,60,1.25
31,61,1.5
31,62,1.25
31,63,1.25
31,64,1.0
31,65,1.25
31,66,1.5
31,67,1.25
31,68,1.0
31,69,1.0
31,70,1.5
31,71,0.75
31,72,1.25
31,73,1.25
31,74,1.0
31,75,1.25
31,76,100.0
31,77,1.5
31,78,0.75
31,79,1.5
31,80,1.5
31,81,1.0
31,82,0.75
31,83,0.75
31,84,1.25
31,85,1.5
31,86,0.75
31,87,1.0
31,88,1.25
31,89,1.25
32,32,100.0
32,33,2.0
32,45,1.25
32,46,1.25
32,47,1.25
32,48,1.25
32,49,1.0
32,50,1.0
32,51,1.5
32,52,1.0
32,53,1.25
32,54,0.75
32,55,1.0
32,56,1.25
32,57,1.25
32,58,0.75
32,59,1.0
32,60,1.5
32,61,1.0
32,62,1.5
32,63,1.25
32,64,1.25
32,65,1.25
32,66,1.0
32,67,1.0
32,68,1.25
32,69,1.0
32,70,1.0
32,71,1.25
32,72,1.5
32,73,1.0
32,74,1.25
32,75,1.25
32,76,1.25
32,77,100.0
32,78,1.0
32,79,1.25
32,80,1.25
32,81,1.25
32,82,1.25
32,83,0.75
32,84,1.25
32,85,1.0
32,86,0.75
32,87,1.25
32,88,1.0
32,89,1.25
33,33,100.0
33,34,2.0
33,45,1.25
33,46,1.0
33,47,1.0
33,48,1.25
33,49,1.0
33,50,1.25
33,51,1.25
33,52,1.0
33,53,1.25
33,54,1.25
33,55,1.5
33,56,1.25
33,57,1.0
33,58,1.25
33,59,1.5
33,60,1.0
33,61,1.5
33,62,1.5
33,63,1.25
33,64,1.25
33,65,1.0
33,66,0.75
33,67,100.0
33,68,100.0
33,69,100.0
33,70,1.25
33,71,1.25
33,72,1.5
33,73,1.25
33,74,1.5
33,75,1.5
33,76,1.0
33,77,1.0
33,78,100.0
33,79,1.0
33,80,1.25
33,81,1.0
33,82,1.25
33,83,1.0
33,84,1.25
33,85,1.0
33,86,1.0
33,87,1.0
33,88,1.25
33,89,1.25
34,45,1.25
34,46,1.0
34,47,1.25
34,48,1.0
34,49,1.25
34,50,1.0
34,51,1.25
34,52,1.0
34,53,1.0
34,54,1.5
34,55,0.75
34,56,1.0
34,57,1.25
34,58,1.0
34,59,1.0
34,60,1.25
34,61,1.25
34,62,1.25
34,63,1.0
34,64,1.5
34,65,1.5
34,66,0.75
34,67,0.25
34,68,0.25
34,69,0.25
34,70,100.0
34,71,1.5
34,72,1.0
34,73,0.75
34,74,0.75
34,75,1.0
34,76,1.0
34,77,1.25
34,78,1.25
34,79,1.5
34,80,1.0
34,81,1.0
34,82,1.25
34,83,1.25
34,84,1.0
34,85,1.25
34,86,1.0
34,87,1.0
34,88,1.25
34,89,1.5
35,33,100.0
35,34,3.0
35,35,2.5
35,36,2.0
35,37,1.5
35,38,1.0
35,39,0.5
35,40,1.0
35,41,1.5
35,42,2.0
35,43,2.5
35,44,3.0
35,45,100.0
35,46,1.0
35,47,1.25
35,48,1.25
35,49,1.5
35,50,0.75
35,51,1.0
35,52,1.25
35,53,1.25
35,54,1.5
35,55,1.5
35,56,1.5
35,57,1.5
35,58,1.0
35,59,1.0
35,60,1.0
35,61,1.25
35,62,1.25
35,63,1.25
35,64,1.25
35,65,1.25
35,66,1.0
35,67,0.5
35,68,0.5
35,69,0.5
35,70,0.25
35,71,100.0
35,72,0.75
35,73,0.75
35,74,1.5
35,75,1.0
35,76,1.0
35,77,0.75
35,78,1.0
35,79,1.5
35,80,1.25
35,81,1.0
35,82,1.0
35,83,1.5
35,84,1.0
35,85,1.0
35,86,1.0
35,87,1.0
35,88,1.0
35,89,1.25
36,33,100.0
36,34,3.0
36,35,2.5
36,36,2.0
36,37,1.5
36,38,1.0
36,39,0.5
36,40,1.0
36,41,1.5
36,42,2.0
36,43,2.5
36,44,3.0
36,45,100.0
36,46,1.25
36,47,1.0
36,48,1.0
36,49,1.0
36,50,1.25
36,51,1.0
36,52,1.25
36,53,1.0
36,54,1.0
36,55,1.25
36,56,0.75
36,57,1.0
36,58,1.0
36,59,1.0
36,60,1.25
36,61,1.0
36,62,1.0
36,63,1.0
36,64,1.25
36,65,1.0
36,66,1.25
36,67,1.0
36,68,0.75
36,69,1.25
36,70,0.5
36,71,0.25
36,72,100.0
36,73,1.25
36,74,1.5
36,75,1.0
36,76,1.25
36,77,1.5
36,78,1.0
36,79,1.25
36,80,1.25
36,81,0.75
36,82,0.75
36,83,1.25
36,84,1.25
36,85,1.0
36,86,1.0
36,87,1.25
36,88,1.25
36,89,1.0
37,33,100.0
37,34,3.0
37,35,2.5
37,36,2.0
37,37,1.5
37,38,1.0
37,39,0.5
37,40,1.0
37,41,1.5
37,42,2.0
37,43,2.5
37,44,3.0
37,45,100.0
37,46,1.0
37,47,1.5
37,48,1.5
37,49,1.0
37,50,1.25
37,51,1.0
37,52,1.0
37,53,1.25
37,54,1.25
37,55,1.25
37,56,1.25
37,57,1.5
37,58,1.25
37,59,1.0
37,60,1.0
37,61,1.25
37,62,1.25
37,63,1.5
37,64,1.25
37,65,1.0
37,66,1.5
37,67,1.5
37,68,1.0
37,69,1.25
37,70,1.5
37,71,0.5
37,72,0.25
37,73,100.0
37,74,1.25
37,75,1.25
37,76,1.25
37,77,1.25
37,78,1.5
37,79,1.5
37,80,1.0
37,81,0.75
37,82,1.25
37,83,1.25
37,84,1.0
37,85,1.0
37,86,1.25
37,87,1.5
37,88,1.5
37,89,1.5
38,33,100.0
38,34,3.0
38,35,2.5
38,36,2.0
38,37,1.5
38,38,1.0
38,39,0.5
38,40,1.0
38,41,1.5
38,42,2.0
38,43,2.5
38,44,3.0
38,45,100.0
38,46,1.0
38,47,1.25
38,48,1.0
38,49,1.5
38,50,1.5
38,51,1.25
38,52,1.0
38,53,1.0
38,54,1.25
38,55,1.0
38,56,1.25
38,57,1.25
38,58,1.0
38,59,1.5
38,60,0.75
38,61,1.0
38,62,1.25
38,63,0.75
38,64,1.0
38,65,1.25
38,66,1.25
38,67,1.0
38,68,1.0
38,69,1.25
38,70,0.75
38,71,1.25
38,72,0.5
38,73,0.25
38,74,100.0
38,75,1.25
38,76,1.0
38,77,1.25
38,78,1.5
38,79,0.75
38,80,1.25
38,81,1.5
38,82,0.75
38,83,0.75
38,84,1.5
38,85,0.75
38,86,1.0
38,87,1.0
38,88,1.0
38,89,0.75
39,33,100.0
39,34,3.0
39,35,2.5
39,36,2.0
39,37,1.5
39,38,1.0
39,39,0.5
39,40,1.0
39,41,1.5
39,42,2.0
39,43,2.5
39,44,3.0
39,45,100.0
39,46,1.0
39,47,0.75
39,48,1.25
39,49,1.25
39,50,1.0
39,51,1.0
39,52,1.0
39,53,1.5
39,54,1.5
39,55,1.25
39,56,1.25
39,57,1.0
39,58,0.75
39,59,1.0
39,60,1.25
39,61,1.25
39,62,1.25
39,63,1.5
39,64,1.25
39,65,0.75
39,66,0.75
39,67,1.5
39,68,1.25
39,69,1.0
39,70,1.25
39,71,1.0
39,72,0.75
39,73,0.5
39,74,0.25
39,75,100.0
39,76,1.5
39,77,1.0
39,78,1.5
39,79,1.25
39,80,1.0
39,81,1.25
39,82,1.25
39,83,1.25
39,84,1.25
39,85,1.5
39,86,1.0
39,87,0.75
39,88,1.0
39,89,1.25
40,33,100.0
40,34,3.0
40,35,2.5
40,36,2.0
40,37,1.5
40,38,1.0
40,39,0.5
40,40,1.0
40,41,1.5
40,42,2.0
40,43,2.5
40,44,3.0
40,45,100.0
40,46,1.25
40,47,0.75
40,48,1.0
40,49,1.0
40,50,1.25
40,51,1.0
40,52,1.25
40,53,1.0
40,54,1.25
40,55,1.0
40,56,1.25
40,57,1.25
40,58,1.0
40,59,1.25
40,60,1.5
40,61,1.25
40,62,1.25
40,63,1.25
40,64,1.5
40,65,1.0
40,66,1.25
40,67,1.25
40,68,1.0
40,69,1.0
40,70,1.5
40,71,1.5
40,72,1.5
40,73,1.0
40,74,0.5
40,75,0.25
40,76,100.0
40,77,1.25
40,78,1.0
40,79,0.75
40,80,1.0
40,81,1.25
40,82,1.0
40,83,1.25
40,84,1.0
40,85,1.5
40,86,0.75
40,87,1.0
40,88,1.5
40,89,1.25
41,33,100.0
41,34,3.0
41,35,2.5
41,36,2.0
41,37,1.5
41,38,1.0
41,39,0.5
41,40,1.0
41,41,1.5
41,42,2.0
41,43,2.5
41,44,3.0
41,45,100.0
41,46,1.25
41,47,1.25
41,48,1.25
41,49,1.25
41,50,1.0
41,51,1.0
41,52,1.25
41,53,1.5
41,54,1.25
41,55,1.0
41,56,1.5
41,57,1.0
41,58,1.0
41,59,1.0
41,60,1.25
41,61,1.25
41,62,1.0
41,63,1.25
41,64,1.5
41,65,1.25
41,66,1.0
41,67,1.25
41,68,1.0
41,69,0.75
41,70,1.0
41,71,1.5
41,72,1.25
41,73,0.75
41,74,1.5
41,75,0.5
41,76,0.25
41,77,100.0
41,78,1.0
41,79,1.25
41,80,1.25
41,81,1.0
41,82,1.25
41,83,1.25
41,84,1.25
41,85,1.25
41,86,1.0
41,87,1.25
41,88,1.0
41,89,1.25
42,33,100.0
42,34,3.0
42,35,2.5
42,36,2.0
42,37,1.5
42,38,1.0
42,39,0.5
42,40,1.0
42,41,1.5
42,42,2.0
42,43,2.5
42,44,3.0
42,45,100.0
42,46,1.0
42,47,1.0
42,48,1.0
42,49,1.0
42,50,1.0
42,51,1.5
42,52,1.0
42,53,1.5
42,54,1.25
42,55,1.25
42,56,1.0
42,57,1.0
42,58,1.5
42,59,1.0
42,60,0.75
42,61,1.0
42,62,1.25
42,63,1.5
42,64,1.5
42,65,1.25
42,66,1.25
42,67,1.5
42,68,1.25
42,69,1.0
42,70,1.0
42,71,1.5
42,72,1.25
42,73,1.0
42,74,0.75
42,75,1.0
42,76,0.5
42,77,0.25
42,78,100.0
42,79,0.75
42,80,0.75
42,81,0.75
42,82,1.25
42,83,1.25
42,84,1.5
42,85,1.25
42,86,0.75
42,87,1.0
42,88,0.75
42,89,1.25
43,33,100.0
43,34,3.0
43,35,2.5
43,36,2.0
43,37,1.5
43,38,1.0
43,39,0.5
43,40,1.0
43,41,1.5
43,42,2.0
43,43,2.5
43,44,3.0
43,45,100.0
43,46,1.25
43,47,1.25
43,48,1.0
43,49,0.75
43,50,0.75
43,51,0.75
43,52,1.25
43,53,1.0
43,54,1.25
43,55,1.0
43,56,1.25
43,57,1.0
43,58,1.0
43,59,0.75
43,60,1.5
43,61,0.75
43,62,1.5
43,63,1.0
43,64,1.25
43,65,1.25
43,66,1.25
43,67,1.25
43,68,1.25
43,69,1.25
43,70,0.75
43,71,1.0
43,72,1.25
43,73,1.0
43,74,1.25
43,75,1.25
43,76,1.25
43,77,0.5
43,78,0.25
43,79,100.0
43,80,1.25
43,81,1.5
43,82,1.25
43,83,1.0
43,84,1.0
43,85,1.0
43,86,1.25
43,87,0.75
43,88,1.0
43,89,1.25
44,33,100.0
44,34,3.0
44,35,2.5
44,36,2.0
44,37,1.5
44,38,1.0
44,39,0.5
44,40,1.0
44,41,1.5
44,42,2.0
44,43,2.5
44,44,3.0
44,45,100.0
44,46,1.0
44,47,0.75
44,48,1.0
44,49,1.25
44,50,1.25
44,51,1.25
44,52,1.0
44,53,0.75
44,54,1.0
44,55,1.25
44,56,1.0
44,57,1.5
44,58,1.5
44,59,1.25
44,60,1.25
44,61,1.25
44,62,1.25
44,63,1.0
44,64,1.25
44,65,1.5
44,66,1.0
44,67,1.5
44,68,1.0
44,69,0.75
44,70,1.25
44,71,1.0
44,72,1.25
44,73,1.25
44,74,1.25
44,75,1.0
44,76,1.0
44,77,1.0
44,78,0.5
44,79,0.25
44,80,100.0
44,81,0.75
44,82,1.0
44,83,1.0
44,84,1.25
44,85,1.0
44,86,1.0
44,87,1.0
44,88,1.5
44,89,1.0
45,0,100.0
45,1,100.0
45,2,100.0
45,4,100.0
45,5,100.0
45,6,100.0
45,7,100.0
45,8,100.0
45,9,100.0
45,10,100.0
45,11,100.0
45,12,100.0
45,13,100.0
45,14,100.0
45,15,100.0
45,16,100.0
45,17,100.0
45,18,100.0
45,22,1.25
45,23,1.25
45,24,1.25
45,25,1.5
45,26,0.5
45,27,100.0
45,28,0.5
45,29,1.5
45,30,100.0
45,33,100.0
45,34,3.0
45,35,2.5
45,36,2.0
45,37,1.5
45,38,1.0
45,39,0.5
45,40,1.0
45,41,1.5
45,42,2.0
45,43,2.5
45,44,3.0
45,45,100.0
45,46,1.0
45,47,0.75
45,48,1.0
45,49,1.25
45,50,1.0
45,51,1.0
45,52,1.0
45,53,1.0
45,54,1.0
45,55,1.0
45,56,1.5
45,57,1.25
45,58,1.0
45,59,1.0
45,60,1.0
45,61,1.0
45,62,1.5
45,63,1.0
45,64,1.0
45,65,1.25
45,66,0.75
45,67,2.0
45,68,2.0
45,69,2.0
45,70,2.0
45,71,2.0
45,72,2.0
45,73,2.0
45,74,2.0
45,75,2.0
45,76,2.0
45,77,2.0
45,78,2.0
45,79,0.5
45,80,0.25
45,81,100.0
45,82,2.0
45,83,2.0
45,84,2.0
45,85,2.0
45,86,2.0
45,87,2.0
45,88,2.0
45,89,2.0
46,0,1.25
46,22,1.25
46,23,1.25
46,24,1.25
46,25,1.5
46,26,0.5
46,27,100.0
46,28,0.5
46,29,1.5
46,30,100.0
46,33,100.0
46,34,3.0
46,35,2.5
46,36,2.0
46,37,1.5
46,38,1.0
46,39,0.5
46,40,1.0
46,41,1.5
46,42,2.0
46,43,2.5
46,44,3.0
46,45,100.0
46,46,100.0
46,67,1.5
46,68,1.5
46,69,1.5
46,70,1.5
46,71,1.5
46,72,1.5
46,73,1.5
46,74,1.5
46,75,1.5
46,76,1.5
46,77,1.5
46,78,1.5
46,79,1.5
46,80,0.5
46,81,0.25
46,82,100.0
46,83,1.5
46,84,1.5
46,85,1.5
46,86,1.5
46,87,1.5
46,88,1.5
46,89,1.5
47,0,1.5
47,1,1.25
47,2,100.0
47,3,100.0
47,5,100.0
47,6,100.0
47,7,100.0
47,8,100.0
47,9,100.0
47,10,100.0
47,11,100.0
47,12,3.0
47,13,2.0
47,14,1.5
47,15,1.25
47,22,1.25
47,23,1.25
47,24,1.25
47,25,1.5
47,26,0.5
47,27,100.0
47,28,0.5
47,29,1.5
47,30,100.0
47,33,100.0
47,34,3.0
47,35,2.5
47,36,2.0
47,37,1.5
47,38,1.0
47,39,0.5
47,40,1.0
47,41,1.5
47,42,2.0
47,43,2.5
47,44,3.0
47,45,100.0
47,47,100.0
47,67,0.5
47,68,0.5
47,69,0.5
47,70,0.5
47,71,0.5
47,72,0.5
47,73,0.5
47,74,0.5
47,75,0.5
47,76,0.5
47,77,0.5
47,78,0.5
47,79,0.5
47,80,0.5
47,81,0.5
47,82,0.25
47,83,100.0
47,84,0.5
47,85,0.5
47,86,0.5
47,87,0.5
47,88,0.5
47,89,0.5
48,0,2.0
48,1,1.5
48,2,1.25
48,22,1.25
48,23,1.25
48,24,1.25
48,25,1.5
48,26,0.5
48,27,100.0
48,28,0.5
48,29,1.5
48,30,100.0
48,33,100.0
48,34,3.0
48,35,2.5
48,36,2.0
48,37,1.5
48,38,1.0
48,39,0.5
48,40,1.0
48,41,1.5
48,42,2.0
48,43,2.5
48,44,3.0
48,45,100.0
48,48,100.0
48,82,0.5
48,83,0.25
48,84,100.0
49,0,2.5
49,1,2.0
49,2,1.5
49,3,1.25
49,22,1.25
49,23,1.25
49,24,1.25
49,25,1.5
49,26,0.5
49,27,100.0
49,28,0.5
49,29,1.5
49,30,100.0
49,33,100.0
49,34,3.0
49,35,2.5
49,36,2.0
49,37,1.5
49,38,1.0
49,39,0.5
49,40,1.0
49,41,1.5
49,42,2.0
49,43,2.5
49,44,3.0
49,45,100.0
49,49,100.0
49,83,0.5
49,84,0.25
49,85,100.0
50,0,100.0
50,1,2.5
50,2,2.0
50,3,1.5
50,4,1.25
50,5,1.25
50,6,1.25
50,7,1.25
50,8,1.25
50,9,1.25
50,10,1.25
50,11,1.25
50,22,1.25
50,23,1.25
50,24,1.25
50,25,1.5
50,26,0.5
50,27,100.0
50,28,0.5
50,29,1.5
50,30,100.0
50,33,100.0
50,34,3.0
50,35,2.5
50,36,2.0
50,37,1.5
50,38,1.0
50,39,0.5
50,40,1.0
50,41,1.5
50,42,2.0
50,43,2.5
50,44,3.0
50,45,100.0
50,50,100.0
50,84,0.5
50,85,0.25
50,86,100.0
51,1,100.0
51,2,2.5
51,3,2.0
51,4,1.5
51,5,1.5
51,6,1.5
51,7,1.5
51,8,1.5
51,9,1.5
51,10,1.5
51,11,1.5
51,22,1.25
51,23,1.25
51,24,1.25
51,25,1.5
51,26,0.5
51,27,100.0
51,28,0.5
51,29,1.5
51,30,100.0
51,33,100.0
51,34,3.0
51,35,2.5
51,36,2.0
51,37,1.5
51,38,1.0
51,39,0.5
51,40,1.0
51,41,1.5
51,42,2.0
51,43,2.5
51,44,3.0
51,45,100.0
51,51,100.0
51,85,0.5
51,86,0.25
51,87,100.0
52,3,2.5
52,4,2.0
52,5,2.0
52,6,2.0
52,7,2.0
52,8,2.0
52,9,2.0
52,10,2.0
52,11,2.0
52,22,1.25
52,23,1.25
52,24,1.25
52,25,1.5
52,26,0.5
52,27,100.0
52,28,0.5
52,29,1.5
52,30,100.0
52,33,100.0
52,34,3.0
52,35,2.5
52,36,2.0
52,37,1.5
52,38,1.0
52,39,0.5
52,40,1.0
52,41,1.5
52,42,2.0
52,43,2.5
52,44,3.0
52,45,100.0
52,52,100.0
52,86,0.5
52,87,0.25
52,88,100.0
53,3,100.0
53,4,2.5
53,5,2.5
53,6,2.5
53,7,2.5
53,8,2.5
53,9,2.5
53,10,2.5
53,11,2.5
53,22,1.25
53,23,1.25
53,24,1.25
53,25,1.5
53,26,0.5
53,27,100.0
53,28,0.5
53,29,1.5
53,30,100.0
53,33,100.0
53,34,3.0
53,35,2.5
53,36,2.0
53,37,1.5
53,38,1.0
53,39,0.5
53,40,1.0
53,41,1.5
53,42,2.0
53,43,2.5
53,44,3.0
53,45,100.0
53,53,100.0
53,87,0.5
53,88,0.25
53,89,100.0
54,4,100.0
54,5,100.0
54,6,100.0
54,7,100.0
54,8,100.0
54,9,100.0
54,10,100.0
54,11,100.0
54,22,1.25
54,23,1.25
54,24,1.25
54,25,1.5
54,26,0.5
54,27,100.0
54,28,0.5
54,29,1.5
54,30,100.0
54,33,100.0
54,34,3.0
54,35,2.5
54,36,2.0
54,37,1.5
54,38,1.0
54,39,0.5
54,40,1.0
54,41,1.5
54,42,2.0
54,43,2.5
54,44,3.0
54,45,100.0
54,54,100.0
54,88,0.5
54,89,0.25
55,22,1.25
55,23,1.25
55,24,1.25
55,25,1.5
55,26,0.5
55,27,100.0
55,28,0.5
55,29,1.5
55,30,100.0
55,33,100.0
55,34,3.0
55,35,2.5
55,36,2.0
55,37,1.5
55,38,1.0
55,39,0.5
55,40,1.0
55,41,1.5
55,42,2.0
55,43,2.5
55,44,3.0
55,45,100.0
55,55,100.0
55,89,0.5
56,22,1.25
56,23,1.25
56,24,1.25
56,25,1.5
56,26,0.5
56,27,100.0
56,28,0.5
56,29,1.5
56,30,100.0
56,34,3.0
56,35,2.5
56,36,2.0
56,37,1.5
56,38,1.0
56,39,0.5
56,40,1.0
56,41,1.5
56,42,2.0
56,43,2.5
56,44,3.0
56,45,100.0
56,55,100.0
57,22,1.25
57,23,1.25
57,24,1.25
57,25,1.5
57,26,0.5
57,27,100.0
57,28,0.5
57,29,1.5
57,30,100.0
57,55,100.0
58,22,1.25
58,23,1.25
58,24,1.25
58,25,1.5
58,26,0.5
58,27,100.0
58,28,0.5
58,29,1.5
58,30,100.0
58,55,100.0
59,22,1.25
59,23,1.25
59,24,1.25
59,25,1.5
59,26,0.5
59,27,100.0
59,28,0.5
59,29,1.5
59,30,100.0
59,56,100.0
59,57,100.0
59,58,100.0
60,22,1.25
60,23,1.25
60,24,1.25
60,25,1.5
60,26,0.5
60,27,100.0
60,28,0.5
60,29,1.5
60,30,100.0
60,45,100.0
60,46,100.0
60,47,100.0
60,48,100.0
60,49,100.0
60,50,100.0
60,51,100.0
60,52,100.0
60,53,100.0
60,54,100.0
60,55,100.0
60,56,100.0
60,57,100.0
60,58,100.0
60,59,100.0
60,60,100.0
60,61,100.0
60,62,100.0
60,63,100.0
60,64,100.0
60,65,100.0
60,66,100.0
60,67,100.0
60,68,100.0
60,69,100.0
60,70,100.0
60,71,100.0
60,72,100.0
60,73,100.0
60,74,100.0
60,75,100.0
60,76,100.0
60,77,100.0
60,78,100.0
60,79,100.0
60,80,100.0
60,81,100.0
60,82,100.0
60,83,100.0
60,84,100.0
60,85,100.0
60,86,100.0
60,88,100.0
61,22,1.25
61,23,1.25
61,24,1.25
61,25,1.5
61,26,0.5
61,27,100.0
61,28,0.5
61,29,1.5
61,30,100.0
61,45,0.5
61,46,0.5
61,47,0.5
61,48,0.5
61,49,0.5
61,50,0.5
61,51,0.5
61,52,0.5
61,53,0.5
61,54,0.5
61,55,0.5
61,56,0.5
61,57,0.5
61,58,0.5
61,59,0.5
61,60,0.5
61,61,0.5
61,62,0.5
61,63,0.5
61,64,0.5
61,65,0.5
61,66,0.5
61,67,0.5
61,68,0.5
61,69,0.5
61,70,0.5
61,71,0.5
61,72,0.5
61,73,0.5
61,74,0.5
61,75,0.5
61,76,3.0
61,77,3.0
61,78,3.0
61,79,3.0
61,80,3.0
61,81,3.0
61,82,3.0
61,83,3.0
61,84,3.0
61,85,3.0
61,86,3.0
61,87,3.0
61,88,100.0
62,22,1.25
62,23,1.25
62,24,1.25
62,25,1.5
62,26,0.5
62,27,100.0
62,28,0.5
62,29,1.5
62,30,100.0
62,45,100.0
62,46,100.0
62,47,100.0
62,48,100.0
62,49,100.0
62,50,100.0
62,51,100.0
62,52,100.0
62,53,100.0
62,54,100.0
62,55,100.0
62,56,100.0
62,57,100.0
62,58,100.0
62,59,100.0
62,60,100.0
62,61,100.0
62,62,100.0
62,63,100.0
62,64,100.0
62,65,100.0
62,66,100.0
62,67,100.0
62,68,100.0
62,69,100.0
62,70,100.0
62,71,100.0
62,72,100.0
62,73,100.0
62,74,100.0
62,75,100.0
62,76,100.0
62,77,100.0
62,78,100.0
62,79,100.0
62,80,100.0
62,81,100.0
62,82,100.0
62,83,100.0
62,84,100.0
62,85,100.0
62,86,100.0
62,87,100.0
62,88,100.0
63,22,1.25
63,23,1.25
63,24,1.25
63,25,1.5
63,26,0.5
63,27,100.0
63,28,0.5
63,29,1.5
63,30,100.0
64,22,1.25
64,23,1.25
64,24,1.25
64,25,1.5
64,26,0.5
64,27,100.0
64,28,0.5
64,29,1.5
64,30,100.0
65,22,1.25
65,23,1.25
65,24,1.25
65,25,1.5
65,26,0.5
65,27,100.0
65,28,0.5
65,29,1.5
65,30,100.0
66,22,1.25
66,23,1.25
66,24,1.25
66,25,1.5
66,26,0.5
66,27,100.0
66,28,0.5
66,29,1.5
66,30,100.0
67,22,1.25
67,23,1.25
67,24,1.25
67,25,1.5
67,26,0.5
67,27,100.0
67,28,0.5
67,29,1.5
67,30,100.0
67,67,100.0
67,68,100.0
67,69,100.0
67,70,100.0
67,71,100.0
67,72,100.0
67,73,100.0
67,74,100.0
67,75,100.0
67,76,100.0
67,77,100.0
67,78,100.0
68,21,100.0
68,23,100.0
68,66,100.0
68,79,100.0
69,20,100.0
69,24,100.0
69,65,100.0
69,80,100.0
70,19,100.0
70,25,100.0
70,60,1.5
70,61,1.5
70,62,1.75
70,63,1.75
70,64,100.0
70,65,1.5
70,66,2.0
70,67,2.0
70,68,1.25
70,69,1.25
70,70,1.75
70,71,1.25
70,72,1.5
70,73,2.0
70,74,1.5
70,75,1.75
70,76,1.5
70,77,1.75
70,78,1.5
70,79,1.5
70,80,1.75
70,81,100.0
70,82,1.75
70,83,1.5
70,84,1.75
70,85,1.75
70,86,2.0
70,87,1.75
70,88,2.0
70,89,1.5
71,18,100.0
71,26,100.0
71,60,1.25
71,61,1.25
71,62,1.75
71,63,100.0
71,64,1.75
71,65,1.5
71,66,1.75
71,67,1.5
71,68,2.0
71,69,1.5
71,70,1.5
71,71,2.0
71,72,1.25
71,73,1.75
71,74,1.5
71,75,1.5
71,76,2.0
71,77,1.5
71,78,1.5
71,79,1.75
71,80,1.5
71,81,2.0
71,82,100.0
71,83,1.25
71,84,1.75
71,85,1.25
71,86,1.25
71,87,1.5
71,88,1.25
71,89,1.5
72,17,100.0
72,27,100.0
72,60,1.25
72,61,1.5
72,62,100.0
72,63,2.0
72,64,1.5
72,65,1.25
72,66,2.0
72,67,1.5
72,68,1.5
72,69,2.0
72,70,1.5
72,71,1.5
72,72,1.75
72,73,1.5
72,74,1.5
72,75,1.5
72,76,1.25
72,77,1.75
72,78,1.25
72,79,1.75
72,80,2.0
72,81,1.75
72,82,1.5
72,83,100.0
72,84,1.75
72,85,1.25
72,86,1.75
72,87,1.25
72,88,1.75
72,89,1.5
73,16,100.0
73,28,100.0
73,60,1.25
73,61,100.0
73,62,2.0
73,63,1.5
73,64,1.5
73,65,1.5
73,66,1.75
73,67,1.25
73,68,1.75
73,69,1.25
73,70,1.5
73,71,1.5
73,72,1.25
73,73,1.5
73,74,1.25
73,75,2.0
73,76,1.5
73,77,1.75
73,78,1.75
73,79,1.75
73,80,1.75
73,81,1.5
73,82,1.75
73,83,1.5
73,84,100.0
73,85,2.0
73,86,1.75
73,87,1.75
73,88,1.75
73,89,1.5
74,15,100.0
74,29,100.0
74,60,100.0
74,61,1.5
74,62,1.5
74,63,2.0
74,64,1.5
74,65,1.75
74,66,2.0
74,67,1.75
74,68,1.75
74,69,1.5
74,70,1.5
74,71,1.5
74,72,2.0
74,73,1.25
74,74,2.0
74,75,2.0
74,76,1.5
74,77,1.5
74,78,2.0
74,79,1.5
74,80,1.25
74,81,1.5
74,82,2.0
74,83,2.0
74,84,2.0
74,85,100.0
74,86,1.25
74,87,1.5
74,88,2.0
74,89,1.5
75,14,100.0
75,30,100.0
75,59,100.0
75,60,1.5
75,61,1.25
75,62,1.75
75,63,1.75
75,64,1.75
75,65,1.75
75,66,1.75
75,67,1.75
75,68,2.0
75,69,2.0
75,70,1.75
75,71,1.5
75,72,2.0
75,73,2.0
75,74,2.0
75,75,1.75
75,76,1.5
75,77,2.0
75,78,1.25
75,79,2.0
75,80,1.5
75,81,1.75
75,82,1.25
75,83,1.25
75,84,2.0
75,85,1.75
75,86,100.0
75,87,1.75
75,88,1.75
75,89,1.5
76,13,100.0
76,31,100.0
76,58,100.0
76,60,1.25
76,61,1.75
76,62,1.5
76,63,2.0
76,64,2.0
76,65,1.5
76,66,1.25
76,67,1.25
76,68,1.5
76,69,1.75
76,70,1.75
76,71,1.5
76,72,1.75
76,73,1.25
76,74,2.0
76,75,1.5
76,76,1.5
76,77,2.0
76,78,1.25
76,79,1.75
76,80,1.5
76,81,1.25
76,82,2.0
76,83,1.25
76,84,2.0
76,85,1.75
76,86,1.75
76,87,100.0
76,88,1.5
76,89,1.25
77,12,100.0
77,32,100.0
77,57,100.0
77,60,2.0
77,61,1.5
77,62,1.75
77,63,2.0
77,64,1.75
77,65,1.25
77,66,2.0
77,67,2.0
77,68,1.5
77,69,1.5
77,70,1.75
77,71,1.5
77,72,1.5
77,73,2.0
77,74,2.0
77,75,2.0
77,76,1.5
77,77,1.5
77,78,1.25
77,79,1.75
77,80,1.75
77,81,1.75
77,82,1.25
77,83,1.75
77,84,1.25
77,85,1.75
77,86,2.0
77,87,1.25
77,88,100.0
77,89,1.25
78,11,100.0
78,33,100.0
78,56,100.0
78,60,1.5
78,61,1.5
78,62,2.0
78,63,1.75
78,64,1.75
78,65,2.0
78,66,1.5
78,67,1.5
78,68,1.75
78,69,2.0
78,70,1.25
78,71,1.75
78,72,1.5
78,73,1.25
78,74,2.0
78,75,1.75
78,76,1.5
78,77,1.5
78,78,1.75
78,79,1.5
78,80,1.25
78,81,1.75
78,82,1.25
78,83,1.5
78,84,1.5
78,85,1.5
78,86,1.25
78,87,1.5
78,88,1.75
78,89,100.0
79,10,100.0
79,34,100.0
79,55,100.0
79,60,1.25
79,61,1.5
79,62,1.5
79,63,1.25
79,64,1.25
79,65,1.75
79,66,1.75
79,67,1.5
79,68,1.5
79,69,2.0
79,70,1.75
79,71,1.25
79,72,1.5
79,73,2.0
79,74,1.75
79,75,1.25
79,76,1.75
79,77,1.25
79,78,2.0
79,79,1.5
79,80,1.75
79,81,1.75
79,82,1.25
79,83,1.5
79,84,1.75
79,85,1.25
79,86,1.5
79,87,1.5
79,88,1.25
79,89,100.0
80,9,100.0
80,35,100.0
80,54,100.0
80,60,1.75
80,61,1.25
80,62,1.25
80,63,1.5
80,64,1.5
80,65,1.75
80,66,1.75
80,67,1.25
80,68,1.75
80,69,1.5
80,70,1.75
80,71,1.25
80,72,2.0
80,73,1.25
80,74,1.75
80,75,1.75
80,76,1.75
80,77,1.5
80,78,1.75
80,79,1.5
80,80,1.5
80,81,1.5
80,82,2.0
80,83,1.75
80,84,1.5
80,85,2.0
80,86,1.5
80,87,1.75
80,88,2.0
80,89,100.0
81,8,100.0
81,36,100.0
81,53,100.0
81,60,1.5
81,61,1.5
81,62,1.25
81,63,1.75
81,64,1.5
81,65,1.75
81,66,1.75
81,67,1.75
81,68,1.5
81,69,2.0
81,70,1.75
81,71,2.0
81,72,1.75
81,73,1.25
81,74,1.5
81,75,1.75
81,76,1.75
81,77,1.5
81,78,1.5
81,79,1.75
81,80,1.75
81,81,1.25
81,82,1.75
81,83,1.25
81,84,1.5
81,85,1.75
81,86,1.25
81,87,2.0
81,88,1.5
81,89,100.0
82,7,100.0
82,37,100.0
82,52,100.0
82,60,1.75
82,61,1.75
82,62,1.75
82,63,1.25
82,64,1.5
82,65,1.75
82,66,1.75
82,67,1.5
82,68,1.75
82,69,1.5
82,70,1.5
82,71,1.25
82,72,1.25
82,73,1.5
82,74,1.5
82,75,1.5
82,76,1.5
82,77,1.75
82,78,2.0
82,79,1.75
82,80,1.5
82,81,1.25
82,82,2.0
82,83,1.5
82,84,1.25
82,85,1.5
82,86,1.75
82,87,1.5
82,88,1.75
82,89,100.0
83,6,100.0
83,38,100.0
83,51,100.0
83,60,1.75
83,61,1.5
83,62,1.25
83,63,1.75
83,64,1.25
83,65,2.0
83,66,1.5
83,67,1.25
83,68,1.25
83,69,1.25
83,70,1.75
83,71,1.75
83,72,2.0
83,73,1.5
83,74,1.5
83,75,2.0
83,76,1.5
83,77,1.5
83,78,1.5
83,79,2.0
83,80,1.75
83,81,1.25
83,82,1.5
83,83,1.75
83,84,1.5
83,85,1.25
83,86,1.5
83,87,1.25
83,88,1.25
83,89,100.0
84,5,100.0
84,6,100.0
84,7,100.0
84,8,100.0
84,9,100.0
84,10,100.0
84,11,100.0
84,12,100.0
84,13,100.0
84,14,100.0
84,15,100.0
84,39,100.0
84,50,100.0
84,60,1.25
84,61,1.25
84,62,1.25
84,63,1.5
84,64,1.75
84,65,1.5
84,66,1.5
84,67,1.75
84,68,1.5
84,69,1.25
84,70,1.75
84,71,1.75
84,72,1.75
84,73,1.5
84,74,1.75
84,75,1.25
84,76,1.75
84,77,1.75
84,78,2.0
84,79,1.75
84,80,2.0
84,81,2.0
84,82,1.75
84,83,1.5
84,84,1.5
84,85,1.25
84,86,1.75
84,87,1.75
84,88,1.25
84,89,100.0
85,4,100.0
85,40,100.0
85,49,100.0
85,60,1.25
85,61,1.5
85,62,1.75
85,63,1.25
85,64,1.5
85,65,1.5
85,66,1.5
85,67,2.0
85,68,1.25
85,69,1.75
85,70,1.75
85,71,1.75
85,72,1.25
85,73,1.75
85,74,1.75
85,75,1.5
85,76,1.75
85,77,2.0
85,78,1.25
85,79,2.0
85,80,1.5
85,81,2.0
85,82,1.75
85,83,2.0
85,84,1.75
85,85,1.5
85,86,1.5
85,87,1.5
85,88,1.75
85,89,100.0
86,3,100.0
86,41,100.0
86,48,100.0
86,60,1.75
86,61,1.5
86,62,1.75
86,63,1.5
86,64,1.5
86,65,1.75
86,66,1.75
86,67,1.75
86,68,1.75
86,69,1.75
86,70,1.5
86,71,1.25
86,72,2.0
86,73,1.5
86,74,1.75
86,75,1.75
86,76,1.75
86,77,1.5
86,78,2.0
86,79,2.0
86,80,1.25
86,81,2.0
86,82,1.75
86,83,1.75
86,84,2.0
86,85,1.75
86,86,1.75
86,87,2.0
86,88,1.75
86,89,100.0
87,2,100.0
87,42,100.0
87,47,100.0
87,60,2.0
87,61,1.5
87,62,1.5
87,63,1.25
87,64,1.5
87,65,2.0
87,66,2.0
87,67,1.25
87,68,1.25
87,69,1.75
87,70,1.25
87,71,1.75
87,72,1.75
87,73,1.5
87,74,1.5
87,75,1.25
87,76,1.75
87,77,1.75
87,78,1.75
87,79,1.75
87,80,1.25
87,81,1.75
87,82,1.25
87,83,1.25
87,84,2.0
87,85,1.25
87,86,2.0
87,87,1.75
87,88,1.75
87,89,100.0
88,1,100.0
88,43,100.0
88,46,100.0
88,60,1.25
88,61,1.25
88,62,1.5
88,63,1.25
88,64,1.25
88,65,1.75
88,66,1.25
88,67,1.25
88,68,1.25
88,69,1.5
88,70,1.25
88,71,1.75
88,72,1.75
88,73,1.5
88,74,1.25
88,75,1.5
88,76,1.5
88,77,2.0
88,78,1.75
88,79,1.25
88,80,2.0
88,81,2.0
88,82,1.25
88,83,2.0
88,84,1.5
88,85,1.25
88,86,1.5
88,87,1.5
88,88,1.75
88,89,100.0
89,0,100.0
89,44,100.0
89,45,100.0
89,60,2.0
89,61,1.5
89,62,2.0
89,63,1.5
89,64,1.75
89,65,1.25
89,66,1.5
89,67,1.25
89,68,1.75
89,69,1.25
89,70,2.0
89,71,1.5
89,72,1.5
89,73,1.5
89,74,1.5
89,75,1.75
89,76,1.75
89,77,1.5
89,78,1.5
89,79,1.75
89,80,1.5
89,81,1.75
89,82,1.25
89,83,1.75
89,84,1.5
89,85,1.5
89,86,1.5
89,87,1.25
89,88,1.5
89,89,100.0
