0,0,0,0,1
1,0,0,0,2
2,0,0,0,2
3,0,0,0,2
4,0,0,0,3
5,0,0,0,3
6,0,0,0,3
7,0,0,0,3
8,0,0,0,2
9,0,0,0,2
10,0,0,0,3
11,0,0,0,2
12,0,0,0,2
13,0,0,0,1
14,0,0,0,2
15,0,0,0,2
16,0,0,0,3
17,0,0,0,4
18,0,0,0,1
19,0,0,0,2
20,0,0,0,1
21,0,0,0,1
22,0,0,0,3
23,0,0,0,2
24,0,0,0,2
25,0,0,0,2
26,0,0,0,1
27,0,0,0,2
28,0,0,0,3
29,0,0,0,2
30,0,0,0,2
31,0,0,0,1
32,0,0,0,3
33,0,0,0,2
34,0,0,0,4
35,0,0,0,1
36,0,0,0,1
37,0,0,0,2
38,0,0,0,4
39,0,0,0,1
40,0,0,0,4
41,0,0,0,2
42,0,0,0,2
43,0,0,0,1
44,0,0,0,3
45,0,0,0,3
46,0,0,0,2
47,0,0,0,3
48,0,0,0,3
49,0,0,0,2
50,0,0,0,3
51,0,0,0,3
52,0,0,0,2
53,0,0,0,2
54,0,0,0,2
55,0,0,0,2
56,0,0,0,3
57,0,0,0,2
58,0,0,0,2
59,0,0,0,2
60,0,0,0,3
61,0,0,0,1
62,0,0,0,3
63,0,0,0,2
64,0,0,0,2
65,0,0,0,2
66,0,0,0,1
67,0,0,0,2
68,0,0,0,3
69,0,0,0,2
70,0,0,0,2
71,0,0,0,2
72,0,0,0,3
73,0,0,0,3
74,0,0,0,2
75,0,0,0,2
76,0,0,0,3
77,0,0,0,3
78,0,0,0,2
79,0,0,0,2
80,0,0,0,3
81,0,0,0,4
82,0,0,0,2
83,0,0,0,2
84,0,0,0,2
85,0,0,0,3
86,0,0,0,3
87,0,0,0,2
88,0,0,0,2
89,0,0,0,1
90,0,0,0,2
91,0,0,0,3
92,0,0,0,2
93,0,0,0,2
94,0,0,0,2
95,0,0,0,3
96,0,0,0,3
97,0,0,0,2
98,0,0,0,2
99,0,0,0,2
100,0,0,0,2
101,0,0,0,3
102,0,0,0,3
103,0,0,0,3
104,0,0,0,2
105,0,0,0,3
106,0,0,0,3
107,0,0,0,3
108,0,0,0,1
109,0,0,0,3
110,0,0,0,1
111,0,0,0,2
112,0,0,0,3
113,0,0,0,1
114,0,0,0,2
115,0,0,0,2
116,0,0,0,1
117,0,0,0,3
118,0,0,0,1
119,0,0,0,2
120,0,0,0,3
121,0,0,0,3
122,0,0,0,2
123,0,0,0,1
124,0,0,0,2
125,0,0,0,1
126,0,0,0,2
127,0,0,0,3
128,0,0,0,2
129,0,0,0,3
130,0,0,0,3
131,0,0,0,3
132,0,0,0,1
133,0,0,0,2
134,0,0,0,3
135,0,0,0,2
136,0,0,0,2
137,0,0,0,2
138,0,0,0,3
139,0,0,0,4
140,0,0,0,3
141,0,0,0,1
142,0,0,0,2
143,0,0,0,1
144,0,0,0,3
145,0,0,0,1
146,0,0,0,2
147,0,0,0,2
148,0,0,0,3
149,0,0,0,2
150,0,0,0,1
151,0,0,0,2
152,0,0,0,3
153,0,0,0,2
154,0,0,0,3
155,0,0,0,2
156,0,0,0,3
157,0,0,0,3
158,0,0,0,1
159,0,0,0,1
160,0,0,0,3
161,0,0,0,1
162,0,0,0,2
163,0,0,0,1
164,0,0,0,3
165,0,0,0,1
166,0,0,0,3
167,0,0,0,2
168,0,0,0,2
169,0,0,0,3
170,0,0,0,1
171,0,0,0,2
172,0,0,0,2
173,0,0,0,2
174,0,0,0,3
175,0,0,0,2
176,0,0,0,3
177,0,0,0,1
178,0,0,0,1
179,0,0,0,1
180,0,0,0,3
181,0,0,0,2
182,0,0,0,2
183,0,0,0,2
184,0,0,0,3
185,0,0,0,2
186,0,0,0,3
187,0,0,0,2
188,0,0,0,3
189,0,0,0,3
190,0,0,0,3
191,0,0,0,1
192,0,0,0,2
193,0,0,0,2
194,0,0,0,2
195,0,0,0,3
196,0,0,0,3
197,0,0,0,3
198,0,0,0,2
199,0,0,0,2
200,0,0,0,3
201,0,0,0,1
202,0,0,0,3
203,0,0,0,1
204,0,0,0,2
205,0,0,0,3
206,0,0,0,3
207,0,0,0,2
208,0,0,0,3
209,0,0,0,3
210,0,0,0,2
211,0,0,0,3
212,0,0,0,3
213,0,0,0,2
214,0,0,0,3
215,0,0,0,3
216,0,0,0,2
217,0,0,0,1
218,0,0,0,3
219,0,0,0,1
220,0,0,0,3
221,0,0,0,2
222,0,0,0,2
223,0,0,0,3
224,0,0,0,3
225,0,0,0,1
226,0,0,0,3
227,0,0,0,3
228,0,0,0,1
229,0,0,0,2
230,0,0,0,3
231,0,0,0,2
232,0,0,0,4
233,0,0,0,2
234,0,0,0,1
235,0,0,0,3
236,0,0,0,2
237,0,0,0,2
238,0,0,0,2
239,0,0,0,3
240,0,0,0,2
241,0,0,0,2
242,0,0,0,1
243,0,0,0,2
244,0,0,0,1
245,0,0,0,2
246,0,0,0,2
247,0,0,0,2
248,0,0,0,2
249,0,0,0,1
250,0,0,0,3
251,0,0,0,3
252,0,0,0,2
253,0,0,0,2
254,0,0,0,2
255,0,0,0,3
256,0,0,0,2
257,0,0,0,2
258,0,0,0,3
259,0,0,0,1
260,0,0,0,3
261,0,0,0,4
262,0,0,0,2
263,0,0,0,2
264,0,0,0,1
265,0,0,0,3
266,0,0,0,3
267,0,0,0,3
268,0,0,0,2
269,0,0,0,1
270,0,0,0,1
271,0,0,0,3
272,0,0,0,1
273,0,0,0,3
274,0,0,0,1
275,0,0,0,1
276,0,0,0,1
277,0,0,0,1
278,0,0,0,2
279,0,0,0,1
280,0,0,0,3
281,0,0,0,1
282,0,0,0,3
283,0,0,0,2
284,0,0,0,3
285,0,0,0,2
286,0,0,0,2
287,0,0,0,3
288,0,0,0,2
289,0,0,0,1
290,0,0,0,3
291,0,0,0,3
292,0,0,0,1
293,0,0,0,2
294,0,0,0,3
295,0,0,0,3
296,0,0,0,2
297,0,0,0,1
298,0,0,0,3
299,0,0,0,3
300,0,0,0,2
301,0,0,0,2
302,0,0,0,2
303,0,0,0,3
304,0,0,0,3
305,0,0,0,2
306,0,0,0,2
307,0,0,0,1
308,0,0,0,1
309,0,0,0,1
310,0,0,0,2
311,0,0,0,2
312,0,0,0,3
313,0,0,0,2
314,0,0,0,2
315,0,0,0,2
316,0,0,0,3
317,0,0,0,3
318,0,0,0,3
319,0,0,0,3
320,0,0,0,2
321,0,0,0,3
322,0,0,0,4
323,0,0,0,2
324,0,0,0,1
325,0,0,0,2
326,0,0,0,2
327,0,0,0,3
328,0,0,0,2
329,0,0,0,2
330,0,0,0,2
331,0,0,0,2
332,0,0,0,3
333,0,0,0,3
334,0,0,0,2
335,0,0,0,3
336,0,0,0,3
337,0,0,0,2
338,0,0,0,3
339,0,0,0,2
340,0,0,0,2
341,0,0,0,2
342,0,0,0,1
343,0,0,0,3
344,0,0,0,2
345,0,0,0,2
346,0,0,0,1
347,0,0,0,3
348,0,0,0,1
349,0,0,0,2
350,0,0,0,3
351,0,0,0,3
352,0,0,0,1
353,0,0,0,3
354,0,0,0,2
355,0,0,0,3
356,0,0,0,3
357,0,0,0,3
358,0,0,0,2
359,0,0,0,2
360,0,0,0,3
361,0,0,0,3
362,0,0,0,2
363,0,0,0,1
364,0,0,0,1
365,0,0,0,2
366,0,0,0,3
367,0,0,0,2
368,0,0,0,1
369,0,0,0,3
370,0,0,0,1
371,0,0,0,1
372,0,0,0,1
373,0,0,0,3
374,0,0,0,2
375,0,0,0,3
376,0,0,0,2
377,0,0,0,3
378,0,0,0,3
379,0,0,0,2
380,0,0,0,2
381,0,0,0,1
382,0,0,0,4
383,0,0,0,3
384,0,0,0,3
385,0,0,0,3
386,0,0,0,2
387,0,0,0,2
388,0,0,0,4
389,0,0,0,3
390,0,0,0,3
391,0,0,0,1
392,0,0,0,1
393,0,0,0,1
394,0,0,0,2
395,0,0,0,2
396,0,0,0,2
397,0,0,0,4
398,0,0,0,3
399,0,0,0,3
400,0,0,0,3
401,0,0,0,2
402,0,0,0,2
403,0,0,0,2
404,0,0,0,2
405,0,0,0,2
406,0,0,0,2
407,0,0,0,3
408,0,0,0,3
409,0,0,0,3
410,0,0,0,3
411,0,0,0,2
412,0,0,0,2
413,0,0,0,2
414,0,0,0,3
415,0,0,0,2
416,0,0,0,3
417,0,0,0,3
418,0,0,0,2
419,0,0,0,3
420,0,0,0,4
421,0,0,0,2
422,0,0,0,3
423,0,0,0,1
424,0,0,0,1
425,0,0,0,3
426,0,0,0,2
427,0,0,0,3
428,0,0,0,3
429,0,0,0,2
430,0,0,0,3
431,0,0,0,3
432,0,0,0,2
433,0,0,0,2
434,0,0,0,2
435,0,0,0,3
436,0,0,0,1
437,0,0,0,3
438,0,0,0,2
439,0,0,0,2
440,0,0,0,3
441,0,0,0,1
442,0,0,0,3
443,0,0,0,2
444,0,0,0,3
445,0,0,0,2
446,0,0,0,2
447,0,0,0,1
448,0,0,0,2
449,0,0,0,2
450,0,0,0,3
451,0,0,0,1
452,0,0,0,3
453,0,0,0,2
454,0,0,0,1
455,0,0,0,2
456,0,0,0,2
457,0,0,0,4
458,0,0,0,3
459,0,0,0,4
460,0,0,0,3
461,0,0,0,3
462,0,0,0,1
463,0,0,0,4
464,0,0,0,1
465,0,0,0,2
466,0,0,0,3
467,0,0,0,3
468,0,0,0,2
469,0,0,0,2
470,0,0,0,3
471,0,0,0,3
472,0,0,0,1
473,0,0,0,1
474,0,0,0,3
475,0,0,0,2
476,0,0,0,2
477,0,0,0,1
478,0,0,0,3
479,0,0,0,1
480,0,0,0,1
481,0,0,0,3
482,0,0,0,1
483,0,0,0,2
484,0,0,0,2
485,0,0,0,3
486,0,0,0,2
487,0,0,0,3
488,0,0,0,3
489,0,0,0,3
490,0,0,0,2
491,0,0,0,2
492,0,0,0,1
493,0,0,0,2
494,0,0,0,2
495,0,0,0,2
496,0,0,0,1
497,0,0,0,2
498,0,0,0,1
499,0,0,0,3
500,0,0,0,2
501,0,0,0,3
502,0,0,0,3
503,0,0,0,1
504,0,0,0,2
505,0,0,0,3
506,0,0,0,3
507,0,0,0,1
508,0,0,0,2
509,0,0,0,3
510,0,0,0,2
511,0,0,0,3
512,0,0,0,1
513,0,0,0,2
514,0,0,0,1
515,0,0,0,2
516,0,0,0,1
517,0,0,0,1
518,0,0,0,3
519,0,0,0,3
520,0,0,0,3
521,0,0,0,3
522,0,0,0,3
523,0,0,0,3
524,0,0,0,2
525,0,0,0,2
526,0,0,0,3
527,0,0,0,1
528,0,0,0,1
529,0,0,0,3
530,0,0,0,2
531,0,0,0,3
532,0,0,0,3
533,0,0,0,2
534,0,0,0,2
535,0,0,0,3
536,0,0,0,3
537,0,0,0,3
538,0,0,0,1
539,0,0,0,3
540,0,0,0,3
541,0,0,0,2
542,0,0,0,1
543,0,0,0,3
544,0,0,0,3
545,0,0,0,3
546,0,0,0,1
547,0,0,0,2
548,0,0,0,2
549,0,0,0,1
550,0,0,0,4
551,0,0,0,3
552,0,0,0,1
553,0,0,0,2
554,0,0,0,3
555,0,0,0,3
556,0,0,0,1
557,0,0,0,3
558,0,0,0,2
559,0,0,0,3
560,0,0,0,3
561,0,0,0,1
562,0,0,0,2
563,0,0,0,3
564,0,0,0,3
565,0,0,0,1
566,0,0,0,1
567,0,0,0,2
568,0,0,0,1
569,0,0,0,3
570,0,0,0,1
571,0,0,0,1
572,0,0,0,2
573,0,0,0,4
574,0,0,0,3
575,0,0,0,2
576,0,0,0,2
577,0,0,0,2
578,0,0,0,2
579,0,0,0,3
580,0,0,0,1
581,0,0,0,2
582,0,0,0,1
583,0,0,0,2
584,0,0,0,2
585,0,0,0,2
586,0,0,0,2
587,0,0,0,3
588,0,0,0,1
589,0,0,0,1
590,0,0,0,3
591,0,0,0,3
592,0,0,0,2
593,0,0,0,3
594,0,0,0,2
595,0,0,0,1
596,0,0,0,2
597,0,0,0,1
598,0,0,0,3
599,0,0,0,2
600,0,0,0,3
601,0,0,0,1
602,0,0,0,2
603,0,0,0,1
604,0,0,0,2
605,0,0,0,2
606,0,0,0,2
607,0,0,0,2
608,0,0,0,2
609,0,0,0,3
610,0,0,0,1
611,0,0,0,2
612,0,0,0,2
613,0,0,0,2
614,0,0,0,2
615,0,0,0,2
616,0,0,0,3
617,0,0,0,3
618,0,0,0,2
619,0,0,0,2
620,0,0,0,1
621,0,0,0,1
622,0,0,0,2
623,0,0,0,1
624,0,0,0,3
625,0,0,0,2
626,0,0,0,2
627,0,0,0,2
628,0,0,0,1
629,0,0,0,3
630,0,0,0,2
631,0,0,0,1
632,0,0,0,2
633,0,0,0,2
634,0,0,0,3
635,0,0,0,3
636,0,0,0,1
637,0,0,0,2
638,0,0,0,3
639,0,0,0,3
640,0,0,0,3
641,0,0,0,3
642,0,0,0,2
643,0,0,0,3
644,0,0,0,2
645,0,0,0,2
646,0,0,0,3
647,0,0,0,2
648,0,0,0,3
649,0,0,0,2
650,0,0,0,1
651,0,0,0,3
652,0,0,0,3
653,0,0,0,2
654,0,0,0,1
655,0,0,0,2
656,0,0,0,2
657,0,0,0,3
658,0,0,0,2
659,0,0,0,3
660,0,0,0,3
661,0,0,0,3
662,0,0,0,2
663,0,0,0,2
664,0,0,0,2
665,0,0,0,2
666,0,0,0,3
667,0,0,0,3
668,0,0,0,1
669,0,0,0,2
670,0,0,0,3
671,0,0,0,3
672,0,0,0,2
673,0,0,0,3
674,0,0,0,2
675,0,0,0,3
676,0,0,0,2
677,0,0,0,3
678,0,0,0,3
679,0,0,0,1
680,0,0,0,1
681,0,0,0,2
682,0,0,0,2
683,0,0,0,2
684,0,0,0,2
685,0,0,0,1
686,0,0,0,1
687,0,0,0,2
688,0,0,0,2
689,0,0,0,2
690,0,0,0,3
691,0,0,0,2
692,0,0,0,1
693,0,0,0,1
694,0,0,0,2
695,0,0,0,3
696,0,0,0,2
697,0,0,0,2
698,0,0,0,2
699,0,0,0,3
700,0,0,0,2
701,0,0,0,3
702,0,0,0,2
703,0,0,0,2
704,0,0,0,3
705,0,0,0,3
706,0,0,0,3
707,0,0,0,2
708,0,0,0,2
709,0,0,0,1
710,0,0,0,2
711,0,0,0,2
712,0,0,0,2
713,0,0,0,2
714,0,0,0,1
715,0,0,0,4
716,0,0,0,2
717,0,0,0,4
718,0,0,0,1
719,0,0,0,2
720,0,0,0,2
721,0,0,0,3
722,0,0,0,2
723,0,0,0,2
724,0,0,0,3
725,0,0,0,3
726,0,0,0,1
727,0,0,0,3
728,0,0,0,1
729,0,0,0,1
730,0,0,0,3
731,0,0,0,3
732,0,0,0,3
733,0,0,0,1
734,0,0,0,2
735,0,0,0,3
736,0,0,0,2
737,0,0,0,2
738,0,0,0,2
739,0,0,0,4
740,0,0,0,3
741,0,0,0,2
742,0,0,0,2
743,0,0,0,3
744,0,0,0,1
745,0,0,0,3
746,0,0,0,3
747,0,0,0,1
748,0,0,0,3
749,0,0,0,3
750,0,0,0,3
751,0,0,0,2
752,0,0,0,3
753,0,0,0,2
754,0,0,0,2
755,0,0,0,2
756,0,0,0,1
757,0,0,0,4
758,0,0,0,2
759,0,0,0,3
760,0,0,0,2
761,0,0,0,1
762,0,0,0,3
763,0,0,0,3
764,0,0,0,3
765,0,0,0,2
766,0,0,0,3
767,0,0,0,1
768,0,0,0,1
769,0,0,0,2
770,0,0,0,3
771,0,0,0,2
772,0,0,0,3
773,0,0,0,2
774,0,0,0,3
775,0,0,0,2
776,0,0,0,2
777,0,0,0,1
778,0,0,0,2
779,0,0,0,1
780,0,0,0,3
781,0,0,0,3
782,0,0,0,3
783,0,0,0,3
784,0,0,0,3
785,0,0,0,2
786,0,0,0,3
787,0,0,0,2
788,0,0,0,2
789,0,0,0,3
790,0,0,0,3
791,0,0,0,2
792,0,0,0,3
793,0,0,0,1
794,0,0,0,1
795,0,0,0,1
796,0,0,0,3
797,0,0,0,1
798,0,0,0,2
799,0,0,0,2
