9.000000,51.580740,30.149627,2,55.913831
9.000000,51.580740,30.149627,75,66.342402
9.000000,51.580740,30.149627,33,60.342402
9.000000,51.580740,30.149627,78,66.770974
9.000000,13.627611,19.235384,72,53.142857
9.000000,13.627611,19.235384,41,48.714286
9.000000,13.627611,19.235384,4,43.428571
9.000000,13.627611,19.235384,100,57.142857
9.000000,44.657772,25.079872,16,54.465529
9.000000,44.657772,25.079872,63,61.179814
9.000000,44.657772,25.079872,47,58.894100
9.000000,44.657772,25.079872,94,65.608386
9.000000,13.874055,18.110770,27,46.714286
9.000000,13.874055,18.110770,81,54.428571
9.000000,13.874055,18.110770,29,47.000000
9.000000,13.874055,18.110770,16,45.142857
9.000000,32.539513,17.117243,35,52.021067
9.000000,32.539513,17.117243,18,49.592496
9.000000,32.539513,17.117243,18,49.592496
9.000000,32.539513,17.117243,22,50.163924
9.000000,13.223071,9.219544,61,51.571429
9.000000,13.223071,9.219544,95,56.428571
9.000000,13.223071,9.219544,76,53.714286
9.000000,13.223071,9.219544,97,56.714286
9.000000,24.184104,23.021729,14,46.186244
9.000000,24.184104,23.021729,94,57.614816
9.000000,24.184104,23.021729,34,49.043387
9.000000,24.184104,23.021729,24,47.614816
9.000000,33.936399,3.162278,12,49.271390
9.000000,33.936399,3.162278,53,55.128533
9.000000,33.936399,3.162278,9,48.842818
9.000000,33.936399,3.162278,93,60.842818
9.000000,35.324878,12.041595,98,62.102636
9.000000,35.324878,12.041595,5,48.816922
9.000000,35.324878,12.041595,29,52.245493
9.000000,35.324878,12.041595,20,50.959779
116.250000,71.862866,54.000000,63,48.403868
116.250000,71.862866,54.000000,42,53.004051
116.250000,71.862866,54.000000,10,48.510147
116.250000,71.862866,54.000000,31,51.510147
9.000000,13.222719,28.000000,27,46.714286
9.000000,13.222719,28.000000,57,51.000000
9.000000,13.222719,28.000000,32,47.428571
9.000000,13.222719,28.000000,12,44.571429
9.000000,33.503341,5.000000,50,54.532159
9.000000,33.503341,5.000000,94,60.817874
9.000000,33.503341,5.000000,67,56.960731
9.000000,33.503341,5.000000,18,49.960731
119.000000,40.000000,53.009433,82,39.196367
119.000000,40.000000,53.009433,61,36.196367
119.000000,40.000000,53.009433,64,36.624939
119.000000,40.000000,53.009433,93,40.767796
9.000000,51.457486,15.033296,69,65.420846
9.000000,51.457486,15.033296,20,58.420846
9.000000,51.457486,15.033296,27,59.420846
9.000000,51.457486,15.033296,94,68.992275
12.250000,26.199085,19.026298,47,51.526334
12.250000,26.199085,19.026298,78,55.954906
12.250000,26.199085,19.026298,2,45.097763
12.250000,26.199085,19.026298,90,57.669192
109.000000,58.684346,22.022716,66,62.576472
109.000000,58.684346,22.022716,58,61.433615
109.000000,58.684346,22.022716,93,66.433615
109.000000,58.684346,22.022716,76,64.005043
9.000000,19.303805,3.605551,73,53.285714
9.000000,19.303805,3.605551,18,45.428571
9.000000,19.303805,3.605551,90,55.714286
9.000000,19.303805,3.605551,76,53.714286
306.000000,33.562404,14.142136,51,30.425182
306.000000,33.562404,14.142136,26,26.895424
306.000000,33.562404,14.142136,52,30.568039
306.000000,33.562404,14.142136,47,29.872970
110.500000,47.573343,16.124515,71,56.363360
110.500000,47.573343,16.124515,71,56.363360
110.500000,47.573343,16.124515,30,50.506217
110.500000,47.573343,16.124515,67,55.791932
9.000000,27.879449,31.144823,96,59.080938
9.000000,27.879449,31.144823,19,48.080938
9.000000,27.879449,31.144823,26,49.080938
9.000000,27.879449,31.144823,99,59.509510
9.000000,13.282518,15.524175,95,56.428571
9.000000,13.282518,15.524175,71,53.000000
9.000000,13.282518,15.524175,82,54.571429
9.000000,13.282518,15.524175,10,44.285714
9.000000,47.739029,18.439089,79,64.957804
9.000000,47.739029,18.439089,69,63.529233
9.000000,47.739029,18.439089,20,56.529233
9.000000,47.739029,18.439089,3,54.100661
207.000000,32.964229,20.396078,89,35.541758
207.000000,32.964229,20.396078,14,24.827472
207.000000,32.964229,20.396078,62,31.684615
207.000000,32.964229,20.396078,91,35.827472
306.000000,87.000000,29.274562,60,51.323525
306.000000,87.000000,29.274562,19,45.571429
306.000000,87.000000,29.274562,85,54.894954
306.000000,87.000000,29.274562,53,50.323525
9.000000,68.329232,12.083046,64,74.311292
9.000000,68.329232,12.083046,44,71.454149
9.000000,68.329232,12.083046,11,66.739864
9.000000,68.329232,12.083046,94,78.597006
108.000000,29.825569,28.635642,13,40.499227
108.000000,29.825569,28.635642,22,41.784941
108.000000,29.825569,28.635642,61,47.356370
108.000000,29.825569,28.635642,34,43.499227
306.000000,24.373466,9.219544,53,25.118085
306.000000,24.373466,9.219544,80,28.975228
306.000000,24.373466,9.219544,6,18.445513
306.000000,24.373466,9.219544,33,22.302656
9.000000,46.065783,27.658633,80,64.282363
9.000000,46.065783,27.658633,50,59.996649
9.000000,46.065783,27.658633,81,64.425220
9.000000,46.065783,27.658633,24,56.282363
16.250000,39.520992,42.579338,64,56.850883
16.250000,39.520992,42.579338,61,56.422311
16.250000,39.520992,42.579338,44,53.993740
16.250000,39.520992,42.579338,53,55.279454
9.000000,38.270968,31.780497,30,53.600815
9.000000,38.270968,31.780497,81,60.886530
9.000000,38.270968,31.780497,89,62.029387
9.000000,38.270968,31.780497,17,51.743672
9.000000,38.451448,29.832868,6,50.248664
9.000000,38.451448,29.832868,91,62.391521
9.000000,38.451448,29.832868,54,57.105807
9.000000,38.451448,29.832868,9,50.677235
207.750000,13.287853,20.248457,52,21.952381
207.750000,13.287853,20.248457,0,14.523810
207.750000,13.287853,20.248457,72,24.809524
207.750000,13.287853,20.248457,63,23.523810
307.250000,13.767502,13.601471,46,21.056456
307.250000,13.767502,13.601471,17,16.952381
307.250000,13.767502,13.601471,4,15.095238
307.250000,13.767502,13.601471,2,14.809524
307.250000,35.786772,13.601471,82,36.107144
307.250000,35.786772,13.601471,34,29.342864
307.250000,35.786772,13.601471,85,36.535716
307.250000,35.786772,13.601471,21,27.485721
9.250000,61.543837,23.409400,18,63.701770
9.250000,61.543837,23.409400,78,72.273199
9.250000,61.543837,23.409400,47,67.844628
9.250000,61.543837,23.409400,85,73.273199
10.000000,13.599147,25.298221,8,44.000000
10.000000,13.599147,25.298221,7,43.857143
10.000000,13.599147,25.298221,39,48.428571
10.000000,13.599147,25.298221,41,48.714286
9.000000,31.401652,36.138622,27,50.459338
9.000000,31.401652,36.138622,12,48.316481
9.000000,31.401652,36.138622,12,48.316481
9.000000,31.401652,36.138622,61,55.316481
9.500000,19.424009,28.460499,58,51.142857
9.500000,19.424009,28.460499,86,55.142857
9.500000,19.424009,28.460499,38,48.285714
9.500000,19.424009,28.460499,29,47.000000
17.500000,32.786369,52.952809,60,38.723745
17.500000,32.786369,52.952809,52,37.580888
17.500000,32.786369,52.952809,7,31.152316
17.500000,32.786369,52.952809,91,43.152316
9.000000,13.222719,22.360680,81,54.428571
9.000000,13.222719,22.360680,48,49.714286
9.000000,13.222719,22.360680,91,55.857143
9.000000,13.222719,22.360680,45,49.285714
10.750000,36.156716,10.000000,37,53.720785
10.750000,36.156716,10.000000,8,49.577928
10.750000,36.156716,10.000000,9,49.720785
10.750000,36.156716,10.000000,100,62.720785
9.750000,42.330998,16.401219,25,54.670861
9.750000,42.330998,16.401219,42,57.099432
9.750000,42.330998,16.401219,5,51.813718
9.750000,42.330998,16.401219,28,55.099432
9.750000,23.270941,17.204651,42,49.911105
9.750000,23.270941,17.204651,16,46.196819
9.750000,23.270941,17.204651,48,50.768248
9.750000,23.270941,17.204651,85,56.053962
310.500000,40.000000,61.000000,0,41.926164
310.500000,40.000000,61.000000,48,37.815027
310.500000,40.000000,61.000000,44,43.696986
310.500000,40.000000,61.000000,33,46.640450
15.750000,46.066515,59.033889,63,39.796013
15.750000,46.066515,59.033889,43,36.938870
15.750000,46.066515,59.033889,61,39.510298
15.750000,46.066515,59.033889,91,43.796013
10.000000,13.933698,11.000000,66,52.285714
10.000000,13.933698,11.000000,0,42.857143
10.000000,13.933698,11.000000,11,44.428571
10.000000,13.933698,11.000000,11,44.428571
10.000000,43.116825,14.866069,36,56.601493
10.000000,43.116825,14.866069,14,53.458636
10.000000,43.116825,14.866069,27,55.315779
10.000000,43.116825,14.866069,17,53.887208
9.250000,19.492242,29.154759,89,55.571429
9.250000,19.492242,29.154759,100,57.142857
9.250000,19.492242,29.154759,3,43.285714
9.250000,19.492242,29.154759,45,49.285714
17.750000,40.000000,53.366656,60,40.781865
17.750000,40.000000,53.366656,2,32.496150
17.750000,40.000000,53.366656,75,42.924722
17.750000,40.000000,53.366656,59,40.639008
17.500000,14.108660,46.572524,56,44.206708
17.500000,14.108660,46.572524,57,44.349565
17.500000,14.108660,46.572524,33,40.920993
17.500000,14.108660,46.572524,19,38.920993
9.750000,87.000000,22.472205,37,76.476190
9.750000,87.000000,22.472205,59,79.619048
9.750000,87.000000,22.472205,4,71.761905
9.750000,87.000000,22.472205,6,72.047619
10.000000,48.052648,25.942244,42,59.828337
10.000000,48.052648,25.942244,70,63.828337
10.000000,48.052648,25.942244,54,61.542622
10.000000,48.052648,25.942244,43,59.971194
10.500000,77.728535,27.730849,60,79.588708
10.500000,77.728535,27.730849,4,71.588708
10.500000,77.728535,27.730849,18,73.588708
10.500000,77.728535,27.730849,34,75.874422
10.250000,33.641300,28.635642,54,55.156925
10.250000,33.641300,28.635642,44,53.728353
10.250000,33.641300,28.635642,11,49.014068
10.250000,33.641300,28.635642,94,60.871211
17.500000,50.824362,58.463664,43,39.833524
17.500000,50.824362,58.463664,0,33.690667
17.500000,50.824362,58.463664,71,43.833524
17.500000,50.824362,58.463664,88,46.262095
13.500000,78.645855,43.965896,86,76.284463
13.500000,78.645855,43.965896,71,74.141606
13.500000,78.645855,43.965896,91,76.998749
13.500000,78.645855,43.965896,30,68.284463
9.000000,13.285184,33.615473,90,55.714286
9.000000,13.285184,33.615473,37,48.142857
9.000000,13.285184,33.615473,89,55.571429
9.000000,13.285184,33.615473,91,55.857143
9.000000,36.312887,31.780497,81,60.070166
9.000000,36.312887,31.780497,53,56.070166
9.000000,36.312887,31.780497,57,56.641595
9.000000,36.312887,31.780497,36,53.641595
9.750000,85.740882,19.104973,25,74.761905
9.750000,85.740882,19.104973,54,78.904762
9.750000,85.740882,19.104973,36,76.333333
9.750000,85.740882,19.104973,33,75.904762
10.750000,87.000000,13.038405,59,79.619048
10.750000,87.000000,13.038405,53,78.761905
10.750000,87.000000,13.038405,59,79.619048
10.750000,87.000000,13.038405,52,78.619048
9.750000,13.844713,21.400935,27,46.714286
9.750000,13.844713,21.400935,2,43.142857
9.750000,13.844713,21.400935,62,51.714286
9.750000,13.844713,21.400935,77,53.857143
9.000000,40.000000,23.600847,81,61.628013
9.000000,40.000000,23.600847,56,58.056584
9.000000,40.000000,23.600847,54,57.770870
9.000000,40.000000,23.600847,96,63.770870
11.000000,75.447570,14.866069,54,77.288164
11.000000,75.447570,14.866069,89,82.288164
11.000000,75.447570,14.866069,67,79.145307
11.000000,75.447570,14.866069,34,74.431021
307.000000,87.000000,15.231546,5,43.571429
307.000000,87.000000,15.231546,52,50.074903
307.000000,87.000000,15.231546,13,44.714286
307.000000,87.000000,15.231546,61,51.360617
16.500000,36.380194,48.383882,97,53.138462
16.500000,36.380194,48.383882,30,43.567034
16.500000,36.380194,48.383882,43,45.424177
16.500000,36.380194,48.383882,54,46.995605
19.500000,38.407019,47.434165,21,44.539657
19.500000,38.407019,47.434165,96,55.253942
19.500000,38.407019,47.434165,52,48.968228
19.500000,38.407019,47.434165,12,43.253942
9.000000,25.489098,36.249138,30,48.872704
9.000000,25.489098,36.249138,0,44.586989
9.000000,25.489098,36.249138,98,58.586989
9.000000,25.489098,36.249138,92,57.729847
9.000000,31.453482,29.154759,31,51.049681
9.000000,31.453482,29.154759,2,46.906823
9.000000,31.453482,29.154759,14,48.621109
9.000000,31.453482,29.154759,89,59.335395
10.750000,51.775853,26.627054,63,64.730265
10.750000,51.775853,26.627054,40,61.444551
10.750000,51.775853,26.627054,27,59.587408
10.750000,51.775853,26.627054,0,55.730265
10.500000,13.244793,29.154759,70,52.857143
10.500000,13.244793,29.154759,44,49.142857
10.500000,13.244793,29.154759,34,47.714286
10.500000,13.244793,29.154759,86,55.142857
9.750000,13.832220,30.886890,24,46.285714
9.750000,13.832220,30.886890,16,45.142857
9.750000,13.832220,30.886890,33,47.571429
9.750000,13.832220,30.886890,85,55.000000
14.500000,39.771099,50.596443,0,37.143483
14.500000,39.771099,50.596443,46,43.714912
14.500000,39.771099,50.596443,45,43.572055
14.500000,39.771099,50.596443,49,44.143483
16.250000,82.941946,49.648766,47,61.412592
16.250000,82.941946,49.648766,27,58.555449
16.250000,82.941946,49.648766,31,59.126878
16.250000,82.941946,49.648766,38,60.126878
9.000000,13.662928,34.000000,62,51.714286
9.000000,13.662928,34.000000,63,51.857143
9.000000,13.662928,34.000000,35,47.857143
9.000000,13.662928,34.000000,80,54.285714
9.000000,78.141314,27.202941,30,75.476190
9.000000,78.141314,27.202941,45,77.619048
9.000000,78.141314,27.202941,41,77.047619
9.000000,78.141314,27.202941,99,85.333333
10.500000,13.233233,18.867962,34,47.714286
10.500000,13.233233,18.867962,62,51.714286
10.500000,13.233233,18.867962,51,50.142857
10.500000,13.233233,18.867962,7,43.857143
309.250000,30.333098,57.567352,71,15.237841
309.250000,30.333098,57.567352,39,46.047486
309.250000,30.333098,57.567352,4,41.047486
309.250000,30.333098,57.567352,30,44.761772
310.750000,70.742095,54.708317,96,36.844175
310.750000,70.742095,54.708317,79,34.415604
310.750000,70.742095,54.708317,16,44.304957
310.750000,70.742095,54.708317,33,46.733528
307.500000,13.298387,17.117243,50,21.566272
307.500000,13.298387,17.117243,71,24.566272
307.500000,13.298387,17.117243,42,20.512603
307.500000,13.298387,17.117243,98,28.423414
9.250000,14.223633,21.400935,71,53.000000
9.250000,14.223633,21.400935,82,54.571429
9.250000,14.223633,21.400935,64,52.000000
9.250000,14.223633,21.400935,79,54.142857
9.000000,27.933161,36.715120,87,57.813207
9.000000,27.933161,36.715120,36,50.527492
9.000000,27.933161,36.715120,16,47.670349
9.000000,27.933161,36.715120,61,54.098921
10.500000,26.069999,20.591260,74,55.341502
10.500000,26.069999,20.591260,55,52.627216
10.500000,26.069999,20.591260,61,53.484359
10.500000,26.069999,20.591260,58,53.055788
9.500000,50.004572,22.203603,80,66.242857
9.500000,50.004572,22.203603,11,56.385715
9.500000,50.004572,22.203603,73,65.242857
9.500000,50.004572,22.203603,62,63.671429
107.500000,48.164127,51.623638,29,44.013228
107.500000,48.164127,51.623638,89,49.494521
107.500000,48.164127,51.623638,84,48.780235
107.500000,48.164127,51.623638,75,47.494521
11.250000,62.142108,45.188494,76,69.101448
11.250000,62.142108,45.188494,57,66.387162
11.250000,62.142108,45.188494,14,60.244305
11.250000,62.142108,45.188494,26,61.958591
10.250000,23.032723,24.207437,2,44.125743
10.250000,23.032723,24.207437,92,56.982886
10.250000,23.032723,24.207437,46,50.411458
10.250000,23.032723,24.207437,76,54.697172
6.750000,17.620345,60.406953,40,20.238095
6.750000,17.620345,60.406953,65,23.809524
6.750000,17.620345,60.406953,51,21.809524
6.750000,17.620345,60.406953,28,18.523810
9.000000,35.549560,43.829214,36,49.886569
9.000000,35.549560,43.829214,21,47.743712
9.000000,35.549560,43.829214,79,56.029426
9.000000,35.549560,43.829214,87,57.172284
6.750000,33.595864,30.479501,7,48.425061
6.750000,33.595864,30.479501,37,52.710775
6.750000,33.595864,30.479501,20,50.282203
6.750000,33.595864,30.479501,33,52.139346
9.750000,40.000000,22.360680,84,62.056584
9.750000,40.000000,22.360680,25,53.628013
9.750000,40.000000,22.360680,44,56.342299
9.750000,40.000000,22.360680,91,63.056584
9.000000,49.838447,50.566788,0,42.531682
9.000000,49.838447,50.566788,7,43.531682
9.000000,49.838447,50.566788,90,55.388825
9.000000,49.838447,50.566788,3,42.960253
9.000000,26.750974,30.413813,6,45.849655
9.000000,26.750974,30.413813,83,56.849655
9.000000,26.750974,30.413813,30,49.278226
9.000000,26.750974,30.413813,67,54.563940
10.000000,29.918915,21.213203,80,57.496223
10.000000,29.918915,21.213203,22,49.210509
10.000000,29.918915,21.213203,89,58.781937
10.000000,29.918915,21.213203,51,53.353366
9.750000,58.035157,21.023796,42,65.128414
9.750000,58.035157,21.023796,81,70.699843
9.750000,58.035157,21.023796,17,61.556986
9.750000,58.035157,21.023796,3,59.556986
9.000000,39.300187,62.032250,65,35.779070
9.000000,39.300187,62.032250,92,39.636213
9.000000,39.300187,62.032250,16,28.779070
9.000000,39.300187,62.032250,37,31.779070
9.000000,24.684173,46.529560,9,38.966271
9.000000,24.684173,46.529560,47,44.394843
9.000000,24.684173,46.529560,45,44.109128
9.000000,24.684173,46.529560,19,40.394843
10.000000,29.192587,22.022716,36,50.953782
10.000000,29.192587,22.022716,68,55.525211
10.000000,29.192587,22.022716,64,54.953782
10.000000,29.192587,22.022716,24,49.239497
10.000000,87.000000,32.557641,80,82.619048
10.000000,87.000000,32.557641,100,85.476190
10.000000,87.000000,32.557641,29,75.333333
10.000000,87.000000,32.557641,61,79.904762
10.500000,38.390185,34.058773,11,50.936987
10.500000,38.390185,34.058773,87,61.794129
10.500000,38.390185,34.058773,26,53.079844
10.500000,38.390185,34.058773,3,49.794129
11.000000,59.887146,34.828150,90,73.035072
11.000000,59.887146,34.828150,49,67.177930
11.000000,59.887146,34.828150,71,70.320787
11.000000,59.887146,34.828150,38,65.606501
9.000000,13.222719,62.393910,89,27.238095
9.000000,13.222719,62.393910,73,24.952381
9.000000,13.222719,62.393910,4,15.095238
9.000000,13.222719,62.393910,53,22.095238
9.000000,40.271031,31.827661,57,58.318989
9.000000,40.271031,31.827661,67,59.747560
9.000000,40.271031,31.827661,99,64.318989
9.000000,40.271031,31.827661,66,59.604703
11.250000,13.249538,26.419690,87,55.285714
11.250000,13.249538,26.419690,36,48.000000
11.250000,13.249538,26.419690,87,55.285714
11.250000,13.249538,26.419690,13,44.714286
9.750000,13.266110,35.468296,93,56.142857
9.750000,13.266110,35.468296,79,54.142857
9.750000,13.266110,35.468296,92,56.000000
9.750000,13.266110,35.468296,3,43.285714
9.000000,20.172587,42.438190,43,47.084544
9.000000,20.172587,42.438190,82,52.655973
9.000000,20.172587,42.438190,75,51.655973
9.000000,20.172587,42.438190,8,42.084544
9.000000,40.000000,34.655447,39,55.628013
9.000000,40.000000,34.655447,96,63.770870
9.000000,40.000000,34.655447,35,55.056584
9.000000,40.000000,34.655447,93,63.342299
10.250000,13.317789,28.301943,59,51.285714
10.250000,13.317789,28.301943,64,52.000000
10.250000,13.317789,28.301943,25,46.428571
10.250000,13.317789,28.301943,0,42.857143
10.250000,64.313254,24.515301,60,71.326668
10.250000,64.313254,24.515301,12,64.469525
10.250000,64.313254,24.515301,73,73.183810
10.250000,64.313254,24.515301,59,71.183810
10.000000,13.274137,25.298221,94,56.285714
10.000000,13.274137,25.298221,70,52.857143
10.000000,13.274137,25.298221,62,51.714286
10.000000,13.274137,25.298221,59,51.285714
9.500000,22.385683,26.000000,3,44.080317
9.500000,22.385683,26.000000,77,54.651746
9.500000,22.385683,26.000000,0,43.651746
9.500000,22.385683,26.000000,78,54.794603
9.000000,30.819266,55.901699,53,31.313868
9.000000,30.819266,55.901699,97,37.599582
9.000000,30.819266,55.901699,22,26.885296
9.000000,30.819266,55.901699,3,24.171011
9.000000,25.083108,43.011626,89,54.516431
9.000000,25.083108,43.011626,10,43.230717
9.000000,25.083108,43.011626,96,55.516431
9.000000,25.083108,43.011626,65,51.087859
10.750000,87.000000,25.019992,67,80.761905
10.750000,87.000000,25.019992,14,73.190476
10.750000,87.000000,25.019992,73,81.619048
10.750000,87.000000,25.019992,98,85.190476
10.000000,38.173710,26.570661,28,53.274003
10.000000,38.173710,26.570661,50,56.416860
10.000000,38.173710,26.570661,44,55.559717
10.000000,38.173710,26.570661,100,63.559717
109.000000,13.336520,29.681644,97,49.267349
109.000000,13.336520,29.681644,94,48.838778
109.000000,13.336520,29.681644,92,48.553063
109.000000,13.336520,29.681644,18,37.981635
9.000000,77.958187,46.872167,21,62.044337
9.000000,77.958187,46.872167,81,70.615765
9.000000,77.958187,46.872167,48,65.901480
9.000000,77.958187,46.872167,60,67.615765
108.000000,45.410376,41.231056,20,48.347530
108.000000,45.410376,41.231056,5,46.204673
108.000000,45.410376,41.231056,82,56.986636
108.000000,45.410376,41.231056,98,59.272351
208.000000,13.288092,40.459857,71,24.527549
208.000000,13.288092,40.459857,28,19.379026
208.000000,13.288092,40.459857,74,24.956121
208.000000,13.288092,40.459857,42,21.363221
9.750000,13.230312,26.019224,87,55.285714
9.750000,13.230312,26.019224,36,48.000000
9.750000,13.230312,26.019224,65,52.142857
9.750000,13.230312,26.019224,64,52.000000
9.000000,48.243714,63.976558,91,44.280744
9.000000,48.243714,63.976558,27,35.137887
9.000000,48.243714,63.976558,30,35.566458
9.000000,48.243714,63.976558,97,45.137887
9.000000,21.045978,36.796739,6,44.134947
9.000000,21.045978,36.796739,22,46.420661
9.000000,21.045978,36.796739,40,48.992090
9.000000,21.045978,36.796739,82,54.992090
10.000000,13.222719,29.546573,33,47.571429
10.000000,13.222719,29.546573,68,52.571429
10.000000,13.222719,29.546573,8,44.000000
10.000000,13.222719,29.546573,53,50.428571
10.000000,87.000000,28.792360,88,83.761905
10.000000,87.000000,28.792360,44,77.476190
10.000000,87.000000,28.792360,23,74.476190
10.000000,87.000000,28.792360,4,71.761905
9.000000,21.939800,46.400431,49,44.059163
9.000000,21.939800,46.400431,98,51.059163
9.000000,21.939800,46.400431,96,50.773448
9.000000,21.939800,46.400431,38,42.487734
12.000000,23.246535,28.017851,99,58.046667
12.000000,23.246535,28.017851,52,51.332381
12.000000,23.246535,28.017851,8,45.046667
12.000000,23.246535,28.017851,22,47.046667
109.000000,31.447133,28.635642,30,43.328179
109.000000,31.447133,28.635642,53,46.613894
109.000000,31.447133,28.635642,68,48.756751
109.000000,31.447133,28.635642,41,44.899608
9.000000,65.514156,47.801674,67,63.981793
9.000000,65.514156,47.801674,32,58.981793
9.000000,65.514156,47.801674,31,58.838936
9.000000,65.514156,47.801674,58,62.696079
10.000000,40.554817,29.832868,66,59.730352
10.000000,40.554817,29.832868,20,53.158923
10.000000,40.554817,29.832868,24,53.730352
10.000000,40.554817,29.832868,61,59.016066
109.500000,13.222719,34.669872,96,49.037864
109.500000,13.222719,34.669872,12,37.037864
109.500000,13.222719,34.669872,56,43.323579
109.500000,13.222719,34.669872,14,37.323579
10.750000,52.220390,40.311289,17,58.196555
10.750000,52.220390,40.311289,14,57.767984
10.750000,52.220390,40.311289,85,67.910841
10.750000,52.220390,40.311289,18,58.339412
9.000000,85.685752,55.758407,17,49.215727
9.000000,85.685752,55.758407,60,55.358584
9.000000,85.685752,55.758407,85,58.930013
9.000000,85.685752,55.758407,89,59.501442
9.000000,19.266459,44.598206,86,50.823607
9.000000,19.266459,44.598206,60,47.109322
9.000000,19.266459,44.598206,3,38.966465
9.000000,19.266459,44.598206,41,44.395036
10.250000,32.561905,37.202150,15,49.172244
10.250000,32.561905,37.202150,45,53.457958
10.250000,32.561905,37.202150,52,54.457958
10.250000,32.561905,37.202150,43,53.172244
10.500000,40.000000,41.036569,88,61.838809
10.500000,40.000000,41.036569,96,62.981667
10.500000,40.000000,41.036569,86,61.553095
10.500000,40.000000,41.036569,95,62.838809
9.000000,32.230917,66.648331,35,27.392113
9.000000,32.230917,66.648331,50,29.534970
9.000000,32.230917,66.648331,17,24.820685
9.000000,32.230917,66.648331,83,34.249256
9.000000,87.000000,46.010868,69,70.338758
9.000000,87.000000,46.010868,33,65.195901
9.000000,87.000000,46.010868,68,70.195901
9.000000,87.000000,46.010868,24,63.910187
9.000000,40.000000,56.859476,42,34.909045
9.000000,40.000000,56.859476,52,36.337617
9.000000,40.000000,56.859476,35,33.909045
9.000000,40.000000,56.859476,66,38.337617
9.000000,37.528012,48.166378,6,40.954775
9.000000,37.528012,48.166378,42,46.097632
9.000000,37.528012,48.166378,46,46.669061
9.000000,37.528012,48.166378,46,46.669061
7.500000,86.434966,33.241540,90,84.047619
7.500000,86.434966,33.241540,78,82.333333
7.500000,86.434966,33.241540,99,85.333333
7.500000,86.434966,33.241540,45,77.619048
11.000000,36.771434,35.341194,0,48.687849
11.000000,36.771434,35.341194,68,58.402134
11.000000,36.771434,35.341194,18,51.259277
11.000000,36.771434,35.341194,43,54.830706
9.000000,13.396000,56.612719,7,21.690581
9.000000,13.396000,56.612719,96,34.404867
9.000000,13.396000,56.612719,26,24.404867
9.000000,13.396000,56.612719,85,32.833438
9.000000,60.592081,43.931765,25,61.751564
9.000000,60.592081,43.931765,61,66.894422
9.000000,60.592081,43.931765,86,70.465850
9.000000,60.592081,43.931765,74,68.751564
10.500000,13.589032,35.468296,26,46.571429
10.500000,13.589032,35.468296,50,50.000000
10.500000,13.589032,35.468296,47,49.571429
10.500000,13.589032,35.468296,24,46.285714
9.750000,54.311468,40.224371,95,70.515725
9.750000,54.311468,40.224371,41,62.801440
9.750000,54.311468,40.224371,71,67.087154
9.750000,54.311468,40.224371,81,68.515725
9.000000,36.001265,44.687806,95,57.557437
9.000000,36.001265,44.687806,1,44.128866
9.000000,36.001265,44.687806,41,49.843151
9.000000,36.001265,44.687806,81,55.557437
9.000000,40.000000,66.887966,96,40.599750
9.000000,40.000000,66.887966,16,29.171179
9.000000,40.000000,66.887966,4,27.456893
9.000000,40.000000,66.887966,15,29.028322
9.000000,50.015600,57.801384,59,42.245724
9.000000,50.015600,57.801384,63,42.817152
9.000000,50.015600,57.801384,94,47.245724
9.000000,50.015600,57.801384,29,37.960009
9.000000,13.651733,45.453273,30,41.847305
9.000000,13.651733,45.453273,63,46.561590
9.000000,13.651733,45.453273,52,44.990162
9.000000,13.651733,45.453273,8,38.704447
9.000000,13.268672,58.412327,84,29.445543
9.000000,13.268672,58.412327,33,22.159828
9.000000,13.268672,58.412327,94,30.874114
9.000000,13.268672,58.412327,73,27.874114
9.000000,38.880212,57.489129,13,29.615832
9.000000,38.880212,57.489129,77,38.758689
9.000000,38.880212,57.489129,35,32.758689
9.000000,38.880212,57.489129,40,33.472975
9.000000,39.054619,49.578221,72,48.850348
9.000000,39.054619,49.578221,61,47.278920
9.000000,39.054619,49.578221,79,49.850348
9.000000,39.054619,49.578221,63,47.564634
9.000000,28.917621,63.600314,82,32.105349
9.000000,28.917621,63.600314,55,28.248206
9.000000,28.917621,63.600314,19,23.105349
9.000000,28.917621,63.600314,14,22.391063
9.000000,14.158167,60.440053,50,21.666667
9.000000,14.158167,60.440053,1,14.666667
9.000000,14.158167,60.440053,77,25.523810
9.000000,14.158167,60.440053,33,19.238095
9.000000,38.424156,55.901699,16,30.954911
9.000000,38.424156,55.901699,41,34.526339
9.000000,38.424156,55.901699,59,37.097768
9.000000,38.424156,55.901699,35,33.669196
9.000000,14.348956,47.801674,32,39.191329
9.000000,14.348956,47.801674,2,34.905615
9.000000,14.348956,47.801674,37,39.905615
9.000000,14.348956,47.801674,55,42.477043
9.000000,58.679651,50.447993,20,50.066912
9.000000,58.679651,50.447993,84,59.209769
9.000000,58.679651,50.447993,54,54.924055
9.000000,58.679651,50.447993,84,59.209769
306.000000,77.033840,64.815122,38,48.179515
306.000000,77.033840,64.815122,90,27.281478
306.000000,77.033840,64.815122,10,44.179515
306.000000,77.033840,64.815122,33,47.465229
306.000000,81.514323,58.728187,67,26.442594
306.000000,81.514323,58.728187,17,45.180668
306.000000,81.514323,58.728187,19,45.466383
306.000000,81.514323,58.728187,86,29.156879
9.000000,33.108201,56.568542,57,32.754958
9.000000,33.108201,56.568542,45,31.040672
9.000000,33.108201,56.568542,19,27.326386
9.000000,33.108201,56.568542,39,30.183529
12.500000,35.565891,63.702433,19,27.071691
12.500000,35.565891,63.702433,55,32.214548
12.500000,35.565891,63.702433,88,36.928834
12.500000,35.565891,63.702433,38,29.785977
9.000000,31.395004,43.737855,13,45.067846
9.000000,31.395004,43.737855,90,56.067846
9.000000,31.395004,43.737855,61,51.924988
9.000000,31.395004,43.737855,88,55.782131
9.000000,13.496991,43.011626,96,53.917655
9.000000,13.496991,43.011626,43,46.346226
9.000000,13.496991,43.011626,51,47.489084
9.000000,13.496991,43.011626,6,41.060512
405.000000,13.222719,46.173586,39,23.753489
405.000000,13.222719,46.173586,22,21.324918
405.000000,13.222719,46.173586,45,24.610632
405.000000,13.222719,46.173586,23,21.467775
7.500000,14.091802,46.486557,7,37.313549
7.500000,14.091802,46.486557,49,43.313549
7.500000,14.091802,46.486557,82,48.027835
7.500000,14.091802,46.486557,83,48.170692
7.500000,34.987400,48.332184,74,49.363204
7.500000,34.987400,48.332184,67,48.363204
7.500000,34.987400,48.332184,95,52.363204
7.500000,34.987400,48.332184,3,39.220347
9.000000,35.244356,61.619802,27,28.027278
9.000000,35.244356,61.619802,3,24.598707
9.000000,35.244356,61.619802,30,28.455850
9.000000,35.244356,61.619802,62,33.027278
9.000000,29.911312,46.043458,92,53.142104
9.000000,29.911312,46.043458,22,43.142104
9.000000,29.911312,46.043458,53,47.570675
9.000000,29.911312,46.043458,45,46.427818
10.750000,42.751351,67.178866,21,31.399502
10.750000,42.751351,67.178866,95,41.970930
10.750000,42.751351,67.178866,12,30.113787
10.750000,42.751351,67.178866,16,30.685216
9.000000,53.395813,66.468037,86,46.081817
9.000000,53.395813,66.468037,94,47.224674
9.000000,53.395813,66.468037,40,39.510389
9.000000,53.395813,66.468037,21,36.796103
306.000000,35.604902,54.708317,58,19.304781
306.000000,35.604902,54.708317,84,23.019067
306.000000,35.604902,54.708317,88,23.590495
306.000000,35.604902,54.708317,86,23.304781
9.000000,85.596144,47.169906,100,72.851696
9.000000,85.596144,47.169906,10,59.994554
9.000000,85.596144,47.169906,74,69.137411
9.000000,85.596144,47.169906,94,71.994554
9.000000,14.137189,50.328918,28,35.049238
9.000000,14.137189,50.328918,58,39.334952
9.000000,14.137189,50.328918,75,41.763523
9.000000,14.137189,50.328918,61,39.763523
9.000000,35.958288,48.041649,37,44.897700
9.000000,35.958288,48.041649,62,48.469129
9.000000,35.958288,48.041649,31,44.040557
9.000000,35.958288,48.041649,41,45.469129
9.000000,27.103917,52.801515,30,33.128295
9.000000,27.103917,52.801515,53,36.414010
9.000000,27.103917,52.801515,66,38.271152
9.000000,27.103917,52.801515,20,31.699724
9.000000,13.222719,63.890531,40,20.238095
9.000000,13.222719,63.890531,90,27.380952
9.000000,13.222719,63.890531,77,25.523810
9.000000,13.222719,63.890531,99,28.666667
9.000000,47.803526,49.040799,24,47.331658
9.000000,47.803526,49.040799,14,45.903087
9.000000,47.803526,49.040799,58,52.188801
9.000000,47.803526,49.040799,66,53.331658
9.000000,39.065550,50.447993,59,45.523474
9.000000,39.065550,50.447993,64,46.237760
9.000000,39.065550,50.447993,28,41.094902
9.000000,39.065550,50.447993,41,42.952045
9.000000,51.699103,55.036352,81,48.982614
9.000000,51.699103,55.036352,41,43.268328
9.000000,51.699103,55.036352,97,51.268328
9.000000,51.699103,55.036352,54,45.125471
108.000000,76.906060,70.035705,88,48.085010
108.000000,76.906060,70.035705,17,44.989237
108.000000,76.906060,70.035705,18,45.132094
108.000000,76.906060,70.035705,99,49.656438
9.000000,44.270185,52.611786,65,45.318082
9.000000,44.270185,52.611786,36,41.175225
9.000000,44.270185,52.611786,30,40.318082
9.000000,44.270185,52.611786,63,45.032368
9.000000,40.000000,54.708317,37,36.074272
9.000000,40.000000,54.708317,100,45.074272
9.000000,40.000000,54.708317,77,41.788558
9.000000,40.000000,54.708317,100,45.074272
9.000000,15.332281,73.552702,92,27.666667
9.000000,15.332281,73.552702,7,15.523810
9.000000,15.332281,73.552702,32,19.095238
9.000000,15.332281,73.552702,48,21.380952
9.000000,43.911784,53.009433,85,47.423476
9.000000,43.911784,53.009433,36,40.423476
9.000000,43.911784,53.009433,35,40.280618
9.000000,43.911784,53.009433,12,36.994904
9.000000,37.887204,74.276510,72,35.978559
9.000000,37.887204,74.276510,92,38.835702
9.000000,37.887204,74.276510,14,27.692844
9.000000,37.887204,74.276510,88,38.264273
9.000000,53.239116,72.917762,45,40.150807
9.000000,53.239116,72.917762,54,41.436522
9.000000,53.239116,72.917762,79,45.007950
9.000000,53.239116,72.917762,8,34.865093
9.000000,40.000000,58.694122,62,36.493773
9.000000,40.000000,58.694122,69,37.493773
9.000000,40.000000,58.694122,74,38.208059
9.000000,40.000000,58.694122,74,38.208059
9.000000,13.255501,73.661387,79,25.809524
9.000000,13.255501,73.661387,23,17.809524
9.000000,13.255501,73.661387,54,22.238095
9.000000,13.255501,73.661387,49,21.523810
306.000000,35.926456,55.901699,94,23.052253
306.000000,35.926456,55.901699,0,39.024892
306.000000,35.926456,55.901699,88,22.195110
306.000000,35.926456,55.901699,90,22.480824
9.000000,33.687710,69.404611,19,25.969652
9.000000,33.687710,69.404611,54,30.969652
9.000000,33.687710,69.404611,1,23.398224
9.000000,33.687710,69.404611,46,29.826795
9.000000,35.825120,58.821765,14,27.082350
9.000000,35.825120,58.821765,6,25.939493
9.000000,35.825120,58.821765,15,27.225207
9.000000,35.825120,58.821765,27,28.939493
9.000000,37.959123,74.518454,12,27.448163
9.000000,37.959123,74.518454,34,30.591020
9.000000,37.959123,74.518454,55,33.591020
9.000000,37.959123,74.518454,39,31.305306
9.000000,32.025442,79.246451,92,35.412498
9.000000,32.025442,79.246451,24,25.698212
9.000000,32.025442,79.246451,50,29.412498
9.000000,32.025442,79.246451,64,31.412498
9.000000,54.036579,74.027022,38,39.524537
9.000000,54.036579,74.027022,31,38.524537
9.000000,54.036579,74.027022,41,39.953108
9.000000,54.036579,74.027022,78,45.238823
9.000000,20.329317,62.393910,45,21.480544
9.000000,20.329317,62.393910,70,25.051972
9.000000,20.329317,62.393910,60,23.623401
9.000000,20.329317,62.393910,62,23.909115
9.000000,26.565132,62.032250,66,28.380552
9.000000,26.565132,62.032250,75,29.666266
9.000000,26.565132,62.032250,35,23.951980
9.000000,26.565132,62.032250,75,29.666266
9.000000,27.052538,60.440053,86,31.537925
9.000000,27.052538,60.440053,72,29.537925
9.000000,27.052538,60.440053,12,20.966496
9.000000,27.052538,60.440053,16,21.537925
306.000000,41.204113,59.682493,42,46.203983
306.000000,41.204113,59.682493,95,20.674089
306.000000,41.204113,59.682493,66,16.531232
306.000000,41.204113,59.682493,81,18.674089
9.000000,56.732440,81.394103,13,37.175134
9.000000,56.732440,81.394103,72,45.603705
9.000000,56.732440,81.394103,66,44.746562
9.000000,56.732440,81.394103,24,38.746562
9.000000,87.000000,78.746428,11,44.428571
9.000000,87.000000,78.746428,29,47.000000
9.000000,87.000000,78.746428,86,55.142857
9.000000,87.000000,78.746428,29,47.000000
9.000000,32.792126,76.837491,70,32.725538
9.000000,32.792126,76.837491,13,24.582681
9.000000,32.792126,76.837491,76,33.582681
9.000000,32.792126,76.837491,22,25.868395
9.000000,36.381186,72.111026,7,25.829705
9.000000,36.381186,72.111026,64,33.972562
9.000000,36.381186,72.111026,21,27.829705
9.000000,36.381186,72.111026,94,38.258276
9.000000,57.436366,78.243211,88,48.201102
9.000000,57.436366,78.243211,58,43.915388
9.000000,57.436366,78.243211,43,41.772530
9.000000,57.436366,78.243211,74,46.201102
9.000000,14.061544,75.802375,85,26.666667
9.000000,14.061544,75.802375,17,16.952381
9.000000,14.061544,75.802375,46,21.095238
9.000000,14.061544,75.802375,46,21.095238
9.000000,40.000000,74.060786,77,37.885465
9.000000,40.000000,74.060786,27,30.742607
9.000000,40.000000,74.060786,25,30.456893
9.000000,40.000000,74.060786,13,28.742607
9.000000,28.354032,62.369865,18,22.620013
9.000000,28.354032,62.369865,21,23.048585
9.000000,28.354032,62.369865,95,33.620013
9.000000,28.354032,62.369865,20,22.905728
9.000000,50.144109,61.008196,9,33.517685
9.000000,50.144109,61.008196,59,40.660543
9.000000,50.144109,61.008196,49,39.231971
9.000000,50.144109,61.008196,6,33.089114
306.000000,34.747708,67.542579,57,20.561427
306.000000,34.747708,67.542579,4,43.272507
306.000000,34.747708,67.542579,29,46.843936
306.000000,34.747708,67.542579,58,18.144841
9.000000,36.652624,82.879430,48,31.843286
9.000000,36.652624,82.879430,45,31.414715
9.000000,36.652624,82.879430,33,29.700429
9.000000,36.652624,82.879430,81,36.557572
9.000000,33.521955,64.560050,60,31.728586
9.000000,33.521955,64.560050,57,31.300015
9.000000,33.521955,64.560050,75,33.871443
9.000000,33.521955,64.560050,76,34.014300
9.000000,13.277437,67.230945,64,23.666667
9.000000,13.277437,67.230945,15,16.666667
9.000000,13.277437,67.230945,15,16.666667
9.000000,13.277437,67.230945,75,25.238095
9.000000,51.584479,64.761099,56,40.933011
9.000000,51.584479,64.761099,55,40.790154
9.000000,51.584479,64.761099,80,44.361583
9.000000,51.584479,64.761099,43,39.075869
9.000000,13.222719,63.007936,20,17.380952
9.000000,13.222719,63.007936,71,24.666667
9.000000,13.222719,63.007936,98,28.523810
9.000000,13.222719,63.007936,3,14.952381
207.000000,33.792876,63.285069,75,15.034917
207.000000,33.792876,63.285069,72,14.606346
207.000000,33.792876,63.285069,90,17.177774
207.000000,33.792876,63.285069,47,39.987002
9.000000,26.421453,81.835200,53,26.434698
9.000000,26.421453,81.835200,56,26.863269
9.000000,26.421453,81.835200,57,27.006127
9.000000,26.421453,81.835200,11,20.434698
9.000000,71.743844,78.236820,98,55.044169
9.000000,71.743844,78.236820,11,42.615597
9.000000,71.743844,78.236820,41,46.901312
9.000000,71.743844,78.236820,21,44.044169
9.000000,50.757264,64.381674,62,41.389162
9.000000,50.757264,64.381674,46,39.103448
9.000000,50.757264,64.381674,1,32.674877
9.000000,50.757264,64.381674,25,36.103448
9.000000,18.411164,64.007812,84,26.523810
9.000000,18.411164,64.007812,99,28.666667
9.000000,18.411164,64.007812,66,23.952381
9.000000,18.411164,64.007812,94,27.952381
306.000000,13.338456,64.381674,30,46.996790
306.000000,13.338456,64.381674,9,43.996790
306.000000,13.338456,64.381674,99,15.000000
306.000000,13.338456,64.381674,81,12.428571
108.000000,69.199838,77.388630,50,42.051540
108.000000,69.199838,77.388630,2,40.492065
108.000000,69.199838,77.388630,7,41.206350
108.000000,69.199838,77.388630,20,43.063493
9.000000,37.542452,67.186308,30,29.781899
9.000000,37.542452,67.186308,80,36.924756
9.000000,37.542452,67.186308,55,33.353327
9.000000,37.542452,67.186308,68,35.210470
9.000000,46.550796,66.287254,70,40.414340
9.000000,46.550796,66.287254,77,41.414340
9.000000,46.550796,66.287254,99,44.557197
9.000000,46.550796,66.287254,99,44.557197
9.000000,29.236954,65.375837,5,21.300579
9.000000,29.236954,65.375837,91,33.586294
9.000000,29.236954,65.375837,21,23.586294
9.000000,29.236954,65.375837,57,28.729151
10.500000,76.911706,66.000000,37,47.847925
10.500000,76.911706,66.000000,99,56.705068
10.500000,76.911706,66.000000,51,49.847925
10.500000,76.911706,66.000000,33,47.276496
13.500000,43.223869,66.370174,38,34.083513
13.500000,43.223869,66.370174,52,36.083513
13.500000,43.223869,66.370174,91,41.654942
13.500000,43.223869,66.370174,43,34.797799
209.500000,34.878381,69.570109,42,46.415943
209.500000,34.878381,69.570109,14,44.857143
209.500000,34.878381,69.570109,59,15.714829
209.500000,34.878381,69.570109,41,47.520138
9.000000,87.000000,72.235725,77,53.857143
9.000000,87.000000,72.235725,39,48.428571
9.000000,87.000000,72.235725,54,50.571429
9.000000,87.000000,72.235725,13,44.714286
9.000000,13.228919,71.512237,14,16.523810
9.000000,13.228919,71.512237,51,21.809524
9.000000,13.228919,71.512237,90,27.380952
9.000000,13.228919,71.512237,99,28.666667
9.000000,14.406664,67.268120,93,27.809524
9.000000,14.406664,67.268120,58,22.809524
9.000000,14.406664,67.268120,13,16.380952
9.000000,14.406664,67.268120,87,26.952381
11.250000,43.225706,67.000000,93,41.941647
11.250000,43.225706,67.000000,68,38.370218
11.250000,43.225706,67.000000,24,32.084504
11.250000,43.225706,67.000000,60,37.227361
212.250000,28.577798,70.213959,78,13.920814
212.250000,28.577798,70.213959,20,45.714286
212.250000,28.577798,70.213959,100,17.063671
212.250000,28.577798,70.213959,88,15.349386
112.250000,34.176831,71.168813,70,29.415787
112.250000,34.176831,71.168813,74,29.987215
112.250000,34.176831,71.168813,95,32.987215
112.250000,34.176831,71.168813,33,32.610353
9.000000,39.763292,68.883960,57,34.896013
9.000000,39.763292,68.883960,13,28.610299
9.000000,39.763292,68.883960,37,32.038871
9.000000,39.763292,68.883960,94,40.181728
14.250000,18.416183,68.468971,50,21.666667
14.250000,18.416183,68.468971,19,17.238095
14.250000,18.416183,68.468971,57,22.666667
14.250000,18.416183,68.468971,18,17.095238
14.250000,33.371043,70.092796,96,36.782121
14.250000,33.371043,70.092796,77,34.067836
14.250000,33.371043,70.092796,65,32.353550
14.250000,33.371043,70.092796,40,28.782121
9.000000,40.000000,83.486526,97,40.742607
9.000000,40.000000,83.486526,55,34.742607
9.000000,40.000000,83.486526,70,36.885465
9.000000,40.000000,83.486526,56,34.885465
108.000000,33.748162,75.239617,19,29.694571
108.000000,33.748162,75.239617,9,28.265999
108.000000,33.748162,75.239617,52,27.886627
108.000000,33.748162,75.239617,17,29.408857
9.000000,52.067906,73.736016,12,34.879639
9.000000,52.067906,73.736016,96,46.879639
9.000000,52.067906,73.736016,42,39.165353
9.000000,52.067906,73.736016,38,38.593924
9.000000,13.222719,71.309186,95,28.095238
9.000000,13.222719,71.309186,56,22.523810
9.000000,13.222719,71.309186,63,23.523810
9.000000,13.222719,71.309186,35,19.523810
108.500000,36.885835,69.007246,41,32.777508
108.500000,36.885835,69.007246,41,32.777508
108.500000,36.885835,69.007246,90,34.313736
108.500000,36.885835,69.007246,48,31.617223
211.750000,38.017244,73.389373,32,47.428571
211.750000,38.017244,73.389373,97,19.532789
211.750000,38.017244,73.389373,62,14.532789
211.750000,38.017244,73.389373,17,45.285714
9.000000,67.975066,87.800911,4,40.358000
9.000000,67.975066,87.800911,25,43.358000
9.000000,67.975066,87.800911,11,41.358000
9.000000,67.975066,87.800911,96,53.500858
9.000000,61.403698,80.622577,9,38.589217
9.000000,61.403698,80.622577,7,38.303503
9.000000,61.403698,80.622577,24,40.732074
9.000000,61.403698,80.622577,61,46.017788
9.000000,34.186541,71.196910,92,36.692843
9.000000,34.186541,71.196910,76,34.407128
9.000000,34.186541,71.196910,33,28.264271
9.000000,34.186541,71.196910,4,24.121414
15.500000,23.384137,71.805292,97,30.830566
15.500000,23.384137,71.805292,67,26.544851
15.500000,23.384137,71.805292,26,20.687708
15.500000,23.384137,71.805292,86,29.259137
14.500000,25.336845,72.801099,3,18.619095
14.500000,25.336845,72.801099,52,25.619095
14.500000,25.336845,72.801099,21,21.190523
14.500000,25.336845,72.801099,58,26.476238
212.500000,30.498182,74.000000,75,14.037187
212.500000,30.498182,74.000000,50,35.386537
212.500000,30.498182,74.000000,17,45.285714
212.500000,30.498182,74.000000,95,16.894330
9.000000,34.458459,71.449283,70,33.709996
9.000000,34.458459,71.449283,14,25.709996
9.000000,34.458459,71.449283,65,32.995710
9.000000,34.458459,71.449283,63,32.709996
9.000000,14.105384,83.354664,26,18.238095
9.000000,14.105384,83.354664,86,26.809524
9.000000,14.105384,83.354664,4,15.095238
9.000000,14.105384,83.354664,38,19.952381
9.000000,13.799405,76.550637,74,25.095238
9.000000,13.799405,76.550637,88,27.095238
9.000000,13.799405,76.550637,79,25.809524
9.000000,13.799405,76.550637,100,28.809524
15.250000,29.101168,72.443081,99,34.646154
15.250000,29.101168,72.443081,48,27.360440
15.250000,29.101168,72.443081,70,30.503297
15.250000,29.101168,72.443081,7,21.503297
207.000000,14.586263,77.833155,41,47.595433
207.000000,14.586263,77.833155,85,13.000000
207.000000,14.586263,77.833155,53,29.794850
207.000000,14.586263,77.833155,39,48.428571
9.000000,86.942954,73.552702,38,48.285714
9.000000,86.942954,73.552702,84,54.857143
9.000000,86.942954,73.552702,92,56.000000
9.000000,86.942954,73.552702,70,52.857143
207.000000,87.000000,78.434686,45,44.512328
207.000000,87.000000,78.434686,26,46.571429
207.000000,87.000000,78.434686,41,47.908573
207.000000,87.000000,78.434686,79,25.809524
9.000000,13.469862,76.157731,64,23.666667
9.000000,13.469862,76.157731,33,19.238095
9.000000,13.469862,76.157731,41,20.380952
9.000000,13.469862,76.157731,37,19.809524
9.000000,34.372153,74.672619,9,24.944968
9.000000,34.372153,74.672619,80,35.087825
9.000000,34.372153,74.672619,20,26.516397
9.000000,34.372153,74.672619,61,32.373539
14.500000,31.435016,74.006756,7,22.916534
14.500000,31.435016,74.006756,72,32.202248
14.500000,31.435016,74.006756,79,33.202248
14.500000,31.435016,74.006756,32,26.487962
14.750000,31.098791,76.655072,31,26.143234
14.750000,31.098791,76.655072,45,28.143234
14.750000,31.098791,76.655072,83,33.571805
14.750000,31.098791,76.655072,33,26.428948
9.000000,76.192669,93.005376,68,52.078515
9.000000,76.192669,93.005376,93,55.649943
9.000000,76.192669,93.005376,9,43.649943
9.000000,76.192669,93.005376,95,55.935658
207.000000,38.154206,90.697299,17,45.285714
207.000000,38.154206,90.697299,77,16.719850
207.000000,38.154206,90.697299,68,15.434136
207.000000,38.154206,90.697299,81,17.291279
207.000000,39.349688,79.056942,88,18.678497
207.000000,39.349688,79.056942,3,43.285714
207.000000,39.349688,79.056942,82,17.821354
207.000000,39.349688,79.056942,15,45.000000
9.000000,36.263877,94.403390,25,28.333401
9.000000,36.263877,94.403390,98,38.761972
9.000000,36.263877,94.403390,66,34.190543
9.000000,36.263877,94.403390,56,32.761972
12.750000,13.253086,76.006579,29,18.666667
12.750000,13.253086,76.006579,83,26.380952
12.750000,13.253086,76.006579,35,19.523810
12.750000,13.253086,76.006579,39,20.095238
108.000000,13.222719,91.809586,9,28.265999
108.000000,13.222719,91.809586,8,28.123142
108.000000,13.222719,91.809586,4,27.551714
108.000000,13.222719,91.809586,71,21.400900
9.000000,55.840834,85.866175,18,37.490290
9.000000,55.840834,85.866175,8,36.061718
9.000000,55.840834,85.866175,15,37.061718
9.000000,55.840834,85.866175,36,40.061718
9.000000,22.748485,83.773504,75,27.290975
9.000000,22.748485,83.773504,38,22.005261
9.000000,22.748485,83.773504,27,20.433833
9.000000,22.748485,83.773504,16,18.862404
14.750000,33.891436,77.317527,87,35.804432
14.750000,33.891436,77.317527,30,27.661575
14.750000,33.891436,77.317527,98,37.375861
14.750000,33.891436,77.317527,45,29.804432
108.000000,33.171983,78.638413,11,28.551714
108.000000,33.171983,78.638413,43,32.565563
108.000000,33.171983,78.638413,50,30.603264
108.000000,33.171983,78.638413,20,29.837428
309.250000,43.746615,82.873397,37,47.375300
309.250000,43.746615,82.873397,58,19.623706
309.250000,43.746615,82.873397,72,17.799626
309.250000,43.746615,82.873397,50,33.909986
306.000000,13.227995,96.260064,3,43.139647
306.000000,13.227995,96.260064,45,43.081169
306.000000,13.227995,96.260064,92,14.000000
306.000000,13.227995,96.260064,33,47.425361
108.000000,16.582624,82.565126,17,29.408857
108.000000,16.582624,82.565126,91,24.258043
108.000000,16.582624,82.565126,29,31.123142
108.000000,16.582624,82.565126,25,30.551714
108.000000,40.000000,79.762146,67,32.931169
108.000000,40.000000,79.762146,93,36.645455
108.000000,40.000000,79.762146,1,27.123142
108.000000,40.000000,79.762146,27,30.837428
207.000000,34.311594,79.404030,57,20.520383
207.000000,34.311594,79.404030,21,45.857143
207.000000,34.311594,79.404030,25,46.428571
207.000000,34.311594,79.404030,19,45.571429
13.250000,72.865700,79.056942,55,49.247950
13.250000,72.865700,79.056942,66,50.819379
13.250000,72.865700,79.056942,61,50.105093
13.250000,72.865700,79.056942,76,52.247950
13.500000,13.486088,79.511006,62,23.380952
13.500000,13.486088,79.511006,61,23.238095
13.500000,13.486088,79.511006,88,27.095238
13.500000,13.486088,79.511006,41,20.380952
14.000000,21.488064,80.230917,85,27.928096
14.000000,21.488064,80.230917,19,18.499524
14.000000,21.488064,80.230917,47,22.499524
14.000000,21.488064,80.230917,2,16.070953
13.500000,24.078637,83.168504,98,31.405053
13.500000,24.078637,83.168504,5,18.119339
13.500000,24.078637,83.168504,1,17.547911
13.500000,24.078637,83.168504,32,21.976482
9.000000,45.656005,85.796270,32,34.519721
9.000000,45.656005,85.796270,19,32.662578
9.000000,45.656005,85.796270,23,33.234007
9.000000,45.656005,85.796270,77,40.948293
9.000000,50.753886,84.758480,92,45.673230
9.000000,50.753886,84.758480,27,36.387516
9.000000,50.753886,84.758480,12,34.244659
9.000000,50.753886,84.758480,70,42.530373
9.000000,28.967259,81.049368,98,34.421353
9.000000,28.967259,81.049368,71,30.564210
9.000000,28.967259,81.049368,35,25.421353
9.000000,28.967259,81.049368,39,25.992781
9.000000,30.584768,80.024996,68,31.119209
9.000000,30.584768,80.024996,7,22.404924
9.000000,30.584768,80.024996,17,23.833495
9.000000,30.584768,80.024996,47,28.119209
13.500000,40.000000,80.504658,76,37.742607
13.500000,40.000000,80.504658,10,28.314036
13.500000,40.000000,80.504658,89,39.599750
13.500000,40.000000,80.504658,89,39.599750
9.000000,13.260329,86.034877,64,23.666667
9.000000,13.260329,86.034877,84,26.523810
9.000000,13.260329,86.034877,44,20.809524
9.000000,13.260329,86.034877,32,19.095238
15.750000,40.000000,83.198558,85,39.028322
15.750000,40.000000,83.198558,63,35.885465
15.750000,40.000000,83.198558,50,34.028322
15.750000,40.000000,83.198558,25,30.456893
9.000000,77.949631,85.726309,95,56.415045
9.000000,77.949631,85.726309,6,43.700759
9.000000,77.949631,85.726309,45,49.272188
9.000000,77.949631,85.726309,24,46.272188
9.000000,14.171532,85.164547,49,21.523810
9.000000,14.171532,85.164547,92,27.666667
9.000000,14.171532,85.164547,94,27.952381
9.000000,14.171532,85.164547,88,27.095238
14.500000,69.442345,82.298238,19,43.002195
14.500000,69.442345,82.298238,87,52.716480
14.500000,69.442345,82.298238,53,47.859337
14.500000,69.442345,82.298238,54,48.002195
14.250000,13.914930,83.186537,59,22.952381
14.250000,13.914930,83.186537,27,18.380952
14.250000,13.914930,83.186537,36,19.666667
14.250000,13.914930,83.186537,10,15.952381
9.000000,15.561584,98.478424,86,26.809524
9.000000,15.561584,98.478424,27,18.380952
9.000000,15.561584,98.478424,39,20.095238
9.000000,15.561584,98.478424,81,26.095238
9.000000,30.615534,90.470990,18,23.994929
9.000000,30.615534,90.470990,93,34.709215
9.000000,30.615534,90.470990,95,34.994929
9.000000,30.615534,90.470990,8,22.566358
108.000000,31.446249,84.528102,47,31.872719
108.000000,31.446249,84.528102,31,31.408857
108.000000,31.446249,84.528102,76,29.127268
108.000000,31.446249,84.528102,83,30.127268
108.000000,35.281597,84.344532,25,30.551714
108.000000,35.281597,84.344532,46,32.118607
108.000000,35.281597,84.344532,10,28.408857
108.000000,35.281597,84.344532,65,29.840341
14.750000,75.328412,84.528102,47,48.837185
14.750000,75.328412,84.528102,82,53.837185
14.750000,75.328412,84.528102,59,50.551471
14.750000,75.328412,84.528102,46,48.694328
207.000000,14.124100,85.000000,25,46.428571
207.000000,14.124100,85.000000,91,13.857143
207.000000,14.124100,85.000000,50,35.631579
207.000000,14.124100,85.000000,38,48.285714
14.500000,26.088438,86.122006,42,24.657291
14.500000,26.088438,86.122006,95,32.228720
14.500000,26.088438,86.122006,24,22.085863
14.500000,26.088438,86.122006,12,20.371577
14.000000,32.325432,86.585218,71,32.591234
14.000000,32.325432,86.585218,22,25.591234
14.000000,32.325432,86.585218,50,29.591234
14.000000,32.325432,86.585218,47,29.162663
14.250000,40.000000,86.833173,29,31.028322
14.250000,40.000000,86.833173,78,38.028322
14.250000,40.000000,86.833173,56,34.885465
14.250000,40.000000,86.833173,9,28.171179
504.000000,13.823391,103.469802,12,2.571429
504.000000,13.823391,103.469802,30,5.142857
504.000000,13.823391,103.469802,50,8.000000
504.000000,13.823391,103.469802,69,10.714286
306.000000,14.487792,98.112181,68,10.571429
306.000000,14.487792,98.112181,28,46.711075
306.000000,14.487792,98.112181,78,12.000000
306.000000,14.487792,98.112181,32,47.282504
309.750000,55.585757,85.708809,40,47.803429
309.750000,55.585757,85.708809,51,33.588164
309.750000,55.585757,85.708809,84,22.843885
309.750000,55.585757,85.708809,72,21.129599
308.500000,26.458856,88.887569,44,44.273124
308.500000,26.458856,88.887569,5,43.051173
308.500000,26.458856,88.887569,92,15.378636
308.500000,26.458856,88.887569,99,16.378636
9.000000,63.006279,66.037868,75,48.653884
9.000000,63.006279,66.037868,43,44.082456
9.000000,63.006279,66.037868,68,47.653884
9.000000,63.006279,66.037868,20,40.796741
211.000000,46.555207,75.286121,9,44.142857
211.000000,46.555207,75.286121,9,44.142857
211.000000,46.555207,75.286121,3,43.285714
211.000000,46.555207,75.286121,90,21.235378
9.000000,29.232288,63.505905,17,23.012015
9.000000,29.232288,63.505905,70,30.583443
9.000000,29.232288,63.505905,81,32.154872
9.000000,29.232288,63.505905,69,30.440586
9.000000,13.543769,74.249579,87,26.952381
9.000000,13.543769,74.249579,49,21.523810
9.000000,13.543769,74.249579,52,21.952381
9.000000,13.543769,74.249579,48,21.380952
207.000000,13.227145,70.604532,62,9.714286
207.000000,13.227145,70.604532,72,11.142857
207.000000,13.227145,70.604532,18,45.428571
207.000000,13.227145,70.604532,50,35.631579
306.000000,51.703538,64.031242,73,20.278704
306.000000,51.703538,64.031242,12,44.389663
306.000000,51.703538,64.031242,15,44.818234
306.000000,51.703538,64.031242,40,48.389663
9.000000,35.447033,76.367532,36,29.431103
9.000000,35.447033,76.367532,11,25.859674
9.000000,35.447033,76.367532,15,26.431103
9.000000,35.447033,76.367532,39,29.859674
9.000000,87.000000,69.339743,1,43.000000
9.000000,87.000000,69.339743,97,56.714286
9.000000,87.000000,69.339743,48,49.714286
9.000000,87.000000,69.339743,96,56.571429
9.000000,37.274726,76.419893,43,31.486032
9.000000,37.274726,76.419893,78,36.486032
9.000000,37.274726,76.419893,14,27.343175
9.000000,37.274726,76.419893,2,25.628889
207.000000,13.223896,70.213959,67,10.428571
207.000000,13.223896,70.213959,65,10.142857
207.000000,13.223896,70.213959,87,13.285714
207.000000,13.223896,70.213959,4,43.428571
306.750000,86.675495,45.453273,0,42.787802
306.750000,86.675495,45.453273,52,44.990162
306.750000,86.675495,45.453273,51,44.847305
306.750000,86.675495,45.453273,13,44.644945
310.000000,35.753408,62.169124,21,45.059294
310.000000,35.753408,62.169124,28,46.059294
310.000000,35.753408,62.169124,60,13.516191
310.000000,35.753408,62.169124,65,14.230477
306.750000,13.464579,45.453273,7,25.263330
306.750000,13.464579,45.453273,65,21.540280
306.750000,13.464579,45.453273,28,28.263330
306.750000,13.464579,45.453273,84,24.254566
8.750000,28.444433,46.615448,48,45.620080
8.750000,28.444433,46.615448,50,45.905794
8.750000,28.444433,46.615448,29,42.905794
8.750000,28.444433,46.615448,42,44.762937
307.000000,36.493521,44.687806,47,30.585634
307.000000,36.493521,44.687806,100,37.208263
307.000000,36.493521,44.687806,7,25.869369
307.000000,36.493521,44.687806,44,30.722147
9.250000,21.075705,45.000000,62,47.359097
9.250000,21.075705,45.000000,94,51.930525
9.250000,21.075705,45.000000,87,50.930525
9.250000,21.075705,45.000000,50,45.644811
10.250000,13.235549,43.011626,35,45.203369
10.250000,13.235549,43.011626,60,48.774798
10.250000,13.235549,43.011626,14,42.203369
10.250000,13.235549,43.011626,33,44.917655
306.000000,40.000000,60.008333,83,18.175003
306.000000,40.000000,60.008333,23,45.975455
306.000000,40.000000,60.008333,55,25.122156
306.000000,40.000000,60.008333,56,23.109819
13.750000,65.226518,47.507894,48,61.715240
13.750000,65.226518,47.507894,29,59.000954
13.750000,65.226518,47.507894,27,58.715240
13.750000,65.226518,47.507894,86,67.143811
11.000000,13.222719,44.418465,89,51.450374
11.000000,13.222719,44.418465,91,51.736088
11.000000,13.222719,44.418465,32,43.307517
11.000000,13.222719,44.418465,94,52.164660
