0,0,48, 40.000000, 2
1,0,49, 39.676048, 2
2,0,50, 59.360470, 3
3,0,54, 37.483545, 2
4,0,79, 38.434852, 2
5,1,7, 27.515390, 2
6,1,9, 53.377677, 3
7,1,27, 27.103140, 2
8,1,48,72.754198,3
9,1,69, 36.152255, 2
10,1,89, 40.000000, 2
11,1,92,50.034547,3
12,1,98, 56.076700, 3
13,2,49, 13.828998, 1
14,2,67,13.223246,1
15,2,93, 13.867155, 1
16,3,4, 38.299993, 2
17,3,6, 87.000000, 4
18,3,28,79.863027,4
19,3,34, 40.000000, 2
20,3,74, 41.201337, 2
21,3,89, 50.874969, 3
22,3,91, 78.851558, 4
23,3,95, 30.646200, 2
24,3,99, 87.000000, 4
25,4,23, 29.196500, 2
26,4,29, 40.000000, 2
27,4,93, 24.458608, 1
28,5,12,57.019355,3
29,5,17, 57.139070, 3
30,5,31, 87.000000, 4
31,5,70, 30.605718, 2
32,6,15, 13.222719, 1
33,6,19, 32.890545, 2
34,6,31,75.708580,4
35,6,32, 58.609690, 3
36,6,36, 87.000000, 4
37,6,38, 28.920213, 2
38,6,42, 87.000000, 4
39,6,45, 13.299027, 1
40,7,9, 40.000000, 2
41,7,42, 35.366428, 2
42,7,44, 79.471775, 4
43,8,55, 32.415928, 2
44,8,89, 40.000000, 2
45,9,14, 33.846654, 2
46,9,38, 78.427455, 4
47,9,92,36.768421,2
48,9,95, 83.297932, 4
49,10,16, 30.646200, 2
50,10,33,77.552926,4
51,10,45, 40.000000, 2
52,11,43, 29.070724, 2
53,11,54,80.222102,4
54,11,66, 24.835242, 1
55,11,86, 13.484341, 1
56,11,88, 40.749888, 2
57,12,11, 34.582870, 2
58,12,73, 32.284816, 2
59,13,12,23.268835,1
60,13,80,71.921261,3
61,13,92, 51.584479, 3
62,13,97, 13.593318, 1
63,14,23,55.169785,3
64,14,36, 71.920982, 3
65,14,37, 26.125207, 2
66,14,38, 40.000000, 2
67,14,51, 77.244784, 4
68,15,11, 13.929981, 1
69,15,58, 39.219111, 2
70,15,63, 13.229893, 1
71,16,50, 33.264935, 2
72,16,76, 32.816637, 2
73,17,15,39.884135,2
74,17,48, 32.256967, 2
75,17,59, 26.360191, 2
76,17,71, 87.000000, 4
77,18,39, 57.469568, 3
78,18,64, 78.423060, 4
79,19,32, 31.547709, 2
80,19,33,60.813957,3
81,19,42, 51.863428, 3
82,19,53, 56.076700, 3
83,19,81, 47.042064, 2
84,20,7, 40.000000, 2
85,20,48, 77.949631, 4
86,21,3, 78.005753, 4
87,21,9,59.889172,3
88,21,51, 26.360191, 2
89,21,77, 33.272039, 2
90,22,25, 31.984626, 2
91,22,59, 87.000000, 4
92,22,73, 13.818393, 1
93,22,99,76.512372,4
94,23,8, 31.147641, 2
95,23,31, 81.706392, 4
96,23,52,20.577727,1
97,23,77, 18.984172, 1
98,23,99, 13.280248, 1
99,24,22, 39.017239, 2
100,24,42, 13.938909, 1
101,25,48, 38.937239, 2
102,25,52, 33.352681, 2
103,26,4, 13.975434, 1
104,26,14, 19.066346, 1
105,26,37, 13.239457, 1
106,26,51,80.445830,4
107,26,58, 39.510340, 2
108,26,64, 13.231759, 1
109,26,94, 35.736936, 2
110,26,95, 40.000000, 2
111,27,29, 37.686833, 2
112,27,33, 63.006279, 3
113,27,44, 37.345336, 2
114,27,60, 69.879672, 3
115,27,90, 76.192669, 4
116,28,17, 14.587804, 1
117,28,34, 71.897533, 3
118,28,49, 19.066346, 1
119,28,53, 40.000000, 2
120,28,54, 31.718345, 2
121,28,68, 51.457486, 3
122,28,74,57.604290,3
123,28,81, 13.742204, 1
124,28,94,77.639812,4
125,28,99, 13.484341, 1
126,29,6, 22.398524, 1
127,29,57, 39.206600, 2
128,29,65, 36.152255, 2
129,29,74, 51.302075, 3
130,29,84, 75.447570, 4
131,29,93, 22.398524, 1
132,30,35, 34.367380, 2
133,30,47, 80.831737, 4
134,31,6, 65.226518, 3
135,31,12, 87.000000, 4
136,31,64, 87.000000, 4
137,31,81, 87.000000, 4
138,31,97, 31.732658, 2
139,32,38, 82.878607, 4
140,32,89, 13.243103, 1
141,32,92, 40.000000, 2
142,32,99, 54.659886, 3
143,33,18, 45.689062, 2
144,33,39, 32.767452, 2
145,35,65, 87.000000, 4
146,35,71, 13.295374, 1
147,35,72, 37.345336, 2
148,35,83, 20.145804, 1
149,36,57, 87.000000, 4
150,36,67, 13.952335, 1
151,36,71, 32.343082, 2
152,36,72, 13.419458, 1
153,36,78, 24.705554, 1
154,36,80,84.324979,4
155,36,98, 13.293373, 1
156,37,28, 61.532832, 3
157,37,39, 13.297529, 1
158,37,62, 13.276075, 1
159,37,76, 85.292475, 4
160,37,79,67.989083,3
161,38,15, 39.305902, 2
162,38,41, 18.148360, 1
163,38,53, 36.150344, 2
164,38,88,52.086101,3
165,39,27, 26.116601, 2
166,39,47, 30.106638, 2
167,39,97, 25.965562, 2
168,39,98, 14.131864, 1
169,40,17, 40.000000, 2
170,40,42,60.813957,3
171,40,52, 27.628207, 2
172,41,13, 40.000000, 2
173,41,17,66.823875,3
174,41,54, 36.267110, 2
175,42,6, 13.288424, 1
176,42,14, 26.125207, 2
177,42,38, 58.609690, 3
178,42,52, 31.899528, 2
179,42,57, 40.000000, 2
180,42,92,77.195261,4
181,42,94, 22.509735, 1
182,43,60, 72.602383, 3
183,43,93, 31.759191, 2
184,44,35, 33.013834, 2
185,44,36, 87.000000, 4
186,44,47, 13.222719, 1
187,44,75, 29.460245, 2
188,44,78,19.716233,1
189,45,37, 36.150344, 2
190,45,50, 42.319330, 2
191,45,91, 13.455186, 1
192,45,93, 29.940200, 2
193,45,95, 24.925249, 1
194,46,14, 19.521038, 1
195,46,24, 33.279092, 2
196,46,53, 39.510340, 2
197,46,56, 77.544579, 4
198,46,90, 40.000000, 2
199,46,96, 40.000000, 2
200,47,52, 13.393989, 1
201,48,12,65.910370,3
202,48,45, 40.000000, 2
203,48,97, 32.069094, 2
204,49,8, 20.902673, 1
205,49,22,80.222102,4
206,49,70, 25.724653, 2
207,49,74,85.190771,4
208,50,58, 50.493101, 3
209,51,5, 13.769058, 1
210,51,62, 13.952335, 1
211,51,76, 25.724653, 2
212,51,96, 87.000000, 4
213,52,0,14.115505,1
214,52,8, 36.252773, 2
215,52,41, 34.072623, 2
216,52,53, 78.851558, 4
217,53,8, 60.002298, 3
218,53,33, 44.756421, 2
219,53,42, 39.219111, 2
220,53,69, 13.272966, 1
221,53,77, 27.512875, 2
222,53,93, 19.521038, 1
223,54,58, 14.131864, 1
224,54,77, 25.393131, 2
225,55,4, 13.235650, 1
226,55,20, 67.295565, 3
227,55,33, 30.646200, 2
228,55,46, 13.902606, 1
229,55,63, 87.000000, 4
230,55,79,68.333333,3
231,55,85,85.495664,4
232,55,97, 35.858968, 2
233,56,2, 37.931553, 2
234,56,30, 13.769058, 1
235,56,45, 34.278178, 2
236,56,76, 18.167676, 1
237,56,87, 35.658101, 2
238,56,90, 87.000000, 4
239,57,5, 85.596144, 4
240,57,12, 35.309746, 2
241,57,17, 52.008724, 3
242,57,21, 24.734113, 1
243,57,47, 87.000000, 4
244,57,48, 40.353629, 2
245,57,53, 64.506322, 3
246,57,87, 35.309746, 2
247,57,94, 87.000000, 4
248,58,31, 38.914658, 2
249,58,63,24.869225,1
250,58,93, 24.705554, 1
251,59,3, 54.666657, 3
252,59,60, 13.304382, 1
253,59,73, 38.642881, 2
254,59,94, 13.240887, 1
255,60,21, 61.482143, 3
256,60,57, 14.114730, 1
257,60,62, 28.805536, 2
258,60,87,14.083613,1
259,60,96, 69.784820, 3
260,61,11, 38.299993, 2
261,61,70, 87.000000, 4
262,61,92,23.941512,1
263,62,17, 17.500651, 1
264,62,52, 72.865700, 3
265,63,5,56.418287,3
266,63,13, 13.293373, 1
267,63,20, 87.000000, 4
268,63,52, 29.188512, 2
269,63,91, 62.497983, 3
270,64,11, 13.593318, 1
271,64,21, 87.000000, 4
272,64,29, 32.355887, 2
273,64,35, 71.897533, 3
274,64,60, 40.000000, 2
275,64,72, 52.491351, 3
276,64,83, 13.994253, 1
277,65,51, 69.176560, 3
278,65,61,73.370584,3
279,66,19, 14.637510, 1
280,66,24, 74.796422, 3
281,66,83, 13.304382, 1
282,66,88, 34.367380, 2
283,67,8, 13.235650, 1
284,67,39, 31.718345, 2
285,67,60, 13.222719, 1
286,67,94, 14.467427, 1
287,67,98, 13.938909, 1
288,68,8, 61.532832, 3
289,68,56, 40.000000, 2
290,68,90, 14.114730, 1
291,69,45, 40.000000, 2
292,69,66,68.333333,3
293,69,82, 13.404359, 1
294,69,98, 13.274949, 1
295,70,0,73.008176,3
296,70,1, 13.299027, 1
297,70,29, 13.297529, 1
298,70,54, 30.146795, 2
299,70,87, 25.101908, 2
300,71,20, 51.086131, 3
301,71,33, 13.222719, 1
302,71,86,55.664525,3
303,72,30, 67.181580, 3
304,72,46, 40.000000, 2
305,72,78, 13.818393, 1
306,72,98, 13.902606, 1
307,73,2, 13.929981, 1
308,73,5,75.441191,4
309,73,16, 13.841318, 1
310,73,36, 23.888068, 1
311,73,52, 32.256967, 2
312,73,86,13.222719,1
313,74,12,13.287645,1
314,74,17, 40.000000, 2
315,74,54, 64.506322, 3
316,74,95, 32.804330, 2
317,75,15, 21.867297, 1
318,75,97,13.222719,1
319,76,3, 39.091119, 2
320,76,8, 13.243103, 1
321,76,11, 14.131864, 1
322,76,28, 75.181500, 4
323,76,91, 74.796422, 3
324,76,96, 81.706392, 4
325,77,4,13.660876,1
326,77,20, 23.037359, 1
327,77,52, 35.366428, 2
328,77,66, 52.491351, 3
329,77,73,13.245825,1
330,77,82, 30.605718, 2
331,77,85, 40.000000, 2
332,78,8, 36.214120, 2
333,79,0, 87.000000, 4
334,79,4, 20.574093, 1
335,79,35, 17.022299, 1
336,79,40, 53.437924, 3
337,79,49,50.144025,3
338,79,53, 13.240887, 1
339,79,54, 17.500651, 1
340,79,62, 13.237863, 1
341,79,86, 83.656728, 4
342,79,90, 87.000000, 4
343,80,5, 13.222719, 1
344,80,30, 18.148360, 1
345,80,40,13.660876,1
346,80,68,13.585059,1
347,81,31, 35.658101, 2
348,81,57,68.016063,3
349,81,75, 32.099776, 2
350,81,81, 19.804139, 1
351,81,84, 87.000000, 4
352,82,0, 87.000000, 4
353,82,41,57.604290,3
354,83,18,21.969847,1
355,83,89, 21.867297, 1
356,84,0,60.935565,3
357,84,14,55.444038,3
358,84,91, 78.423060, 4
359,85,25, 64.325350, 3
360,85,33,24.499638,1
361,85,91, 80.831737, 4
362,86,17, 13.653218, 1
363,86,28, 13.404359, 1
364,86,39, 50.333693, 3
365,86,46, 28.939756, 2
366,86,62,75.441191,4
367,86,70, 13.769058, 1
368,87,5,43.766506,2
369,87,21, 69.176560, 3
370,87,22, 31.984626, 2
371,87,41, 51.703538, 3
372,87,56, 13.222719, 1
373,88,19, 20.978851, 1
374,88,42, 78.423060, 4
375,88,50, 13.393989, 1
376,88,51, 13.222719, 1
377,89,5, 13.404359, 1
378,89,21, 53.377677, 3
379,89,33, 38.642881, 2
380,89,42, 44.566623, 2
381,89,43, 87.000000, 4
382,89,45, 87.000000, 4
383,89,62, 29.755012, 2
384,90,6, 86.759987, 4
385,90,10, 35.362383, 2
386,90,82, 17.022299, 1
387,90,89, 13.222719, 1
388,91,11,80.040425,4
389,91,13, 33.272039, 2
390,91,18, 83.656728, 4
391,91,34, 87.000000, 4
392,91,90, 13.228014, 1
393,91,92, 40.000000, 2
394,92,17, 77.544579, 4
395,92,83, 61.532832, 3
396,93,1, 37.931553, 2
397,93,15, 45.689062, 2
398,93,46, 37.994936, 2
399,94,37, 78.427455, 4
400,94,94,24.819807,1
401,95,17, 31.962507, 2
402,95,48, 13.323676, 1
403,95,79, 13.742204, 1
404,96,0, 33.352681, 2
405,96,43,13.247127,1
406,96,48, 78.005753, 4
407,96,54, 39.587626, 2
408,96,59, 75.454543, 4
409,96,70, 50.824362, 3
410,97,39, 25.847769, 2
411,97,45, 38.937239, 2
412,97,52, 21.867297, 1
413,98,53, 52.618713, 3
414,98,79, 87.000000, 4
415,98,85,87.000000,4
416,98,91, 57.346467, 3
417,99,15, 67.181580, 3
418,99,61, 13.225643, 1
419,99,68, 14.039605, 1
