0,67,100.0
1,67,100.0
2,67,100.0
3,67,100.0
4,67,100.0
5,67,100.0
6,67,100.0
7,67,100.0
8,67,100.0
9,67,100.0
10,67,100.0
11,67,100.0
12,67,100.0
13,67,100.0
14,67,100.0
15,67,100.0
16,67,100.0
17,67,100.0
18,67,100.0
19,67,100.0
20,67,100.0
21,67,100.0
22,67,100.0
0,68,0.25
1,68,0.25
2,68,0.25
3,68,0.25
4,68,0.25
5,68,0.25
6,68,0.25
7,68,0.25
8,68,0.25
9,68,0.25
10,68,0.25
11,68,100.0
12,68,0.25
13,68,0.25
14,68,0.25
15,68,0.25
16,68,0.25
17,68,0.25
18,68,0.25
19,68,0.25
20,68,0.25
21,68,0.25
22,68,0.25
0,22,100.0
1,22,100.0
2,22,100.0
3,22,100.0
4,22,100.0
5,22,100.0
6,22,100.0
7,22,100.0
8,22,100.0
9,22,100.0
10,22,100.0
11,22,100.0
12,22,100.0
13,22,100.0
14,22,100.0
15,22,100.0
16,22,100.0
17,22,100.0
18,22,100.0
19,22,100.0
20,22,100.0
21,22,100.0
22,22,100.0
0,23,0.25
1,23,0.25
2,23,0.25
3,23,0.25
4,23,0.25
5,23,0.25
6,23,0.25
7,23,0.25
8,23,0.25
9,23,0.25
10,23,0.25
11,23,0.25
12,23,0.25
13,23,0.25
14,23,0.25
15,23,0.25
16,23,0.25
17,23,0.25
18,23,0.25
19,23,0.25
20,23,0.25
21,23,0.25
22,23,2.0
22,78,100.0
22,79,100.0
22,80,100.0
22,81,100.0
22,82,100.0
22,83,100.0
22,84,100.0
22,85,100.0
22,86,100.0
22,87,100.0
22,88,100.0
22,89,100.0
23,78,0.25
23,79,0.25
23,80,0.25
23,81,0.25
23,82,0.25
23,83,0.25
23,84,0.25
23,85,0.25
23,86,0.25
23,87,0.25
23,88,0.25
23,89,0.25
22,56,100.0
22,57,100.0
22,58,100.0
22,59,100.0
22,60,100.0
22,61,100.0
22,62,100.0
22,63,100.0
22,64,100.0
22,65,100.0
22,66,100.0
23,56,0.25
23,57,0.25
23,58,0.25
23,59,0.25
23,60,0.25
23,61,0.25
23,62,0.25
23,63,0.25
23,64,0.25
23,65,0.25
23,66,0.25
23,67,0.25
22,0,100.0
22,1,100.0
22,2,100.0
22,3,100.0
22,4,100.0
22,5,100.0
22,6,100.0
22,7,100.0
22,8,100.0
22,9,100.0
22,10,100.0
22,11,100.0
23,0,0.25
23,1,0.25
23,2,0.25
23,3,0.25
23,4,0.25
23,5,0.25
23,6,0.25
23,7,0.25
23,8,0.25
23,9,0.25
23,10,0.25
23,11,0.25
22,33,100.0
22,34,100.0
22,35,100.0
22,36,100.0
22,37,100.0
22,38,100.0
22,39,100.0
22,40,100.0
22,41,100.0
22,42,100.0
22,43,100.0
22,44,100.0
22,45,100.0
23,33,0.25
23,34,0.25
23,35,0.25
23,36,0.25
23,37,0.25
23,38,0.25
23,39,0.25
23,40,0.25
23,41,0.25
23,42,0.25
23,43,0.25
23,44,0.25
23,45,0.25
23,68,100.0
24,69,100.0
25,70,100.0
26,71,100.0
27,72,100.0
28,73,100.0
29,74,100.0
30,75,100.0
31,76,100.0
32,77,100.0
33,78,100.0
23,23,100.0
24,24,100.0
25,25,100.0
26,26,100.0
27,27,100.0
28,28,100.0
29,29,100.0
30,30,100.0
31,31,100.0
32,32,100.0
33,33,100.0
23,24,2.0
24,25,2.0
25,26,2.0
26,27,2.0
27,28,2.0
28,29,2.0
29,30,2.0
30,31,2.0
31,32,2.0
32,33,2.0
33,34,2.0
35,33,100.0
36,33,100.0
37,33,100.0
38,33,100.0
39,33,100.0
40,33,100.0
41,33,100.0
42,33,100.0
43,33,100.0
44,33,100.0
45,33,100.0
46,33,100.0
47,33,100.0
48,33,100.0
49,33,100.0
50,33,100.0
51,33,100.0
52,33,100.0
53,33,100.0
54,33,100.0
55,33,100.0
35,34,3.0
36,34,3.0
37,34,3.0
38,34,3.0
39,34,3.0
40,34,3.0
41,34,3.0
42,34,3.0
43,34,3.0
44,34,3.0
45,34,3.0
46,34,3.0
47,34,3.0
48,34,3.0
49,34,3.0
50,34,3.0
51,34,3.0
52,34,3.0
53,34,3.0
54,34,3.0
55,34,3.0
56,34,3.0
35,35,2.5
36,35,2.5
37,35,2.5
38,35,2.5
39,35,2.5
40,35,2.5
41,35,2.5
42,35,2.5
43,35,2.5
44,35,2.5
45,35,2.5
46,35,2.5
47,35,2.5
48,35,2.5
49,35,2.5
50,35,2.5
51,35,2.5
52,35,2.5
53,35,2.5
54,35,2.5
55,35,2.5
56,35,2.5
35,36,2.0
36,36,2.0
37,36,2.0
38,36,2.0
39,36,2.0
40,36,2.0
41,36,2.0
42,36,2.0
43,36,2.0
44,36,2.0
45,36,2.0
46,36,2.0
47,36,2.0
48,36,2.0
49,36,2.0
50,36,2.0
51,36,2.0
52,36,2.0
53,36,2.0
54,36,2.0
55,36,2.0
56,36,2.0
35,37,1.5
36,37,1.5
37,37,1.5
38,37,1.5
39,37,1.5
40,37,1.5
41,37,1.5
42,37,1.5
43,37,1.5
44,37,1.5
45,37,1.5
46,37,1.5
47,37,1.5
48,37,1.5
49,37,1.5
50,37,1.5
51,37,1.5
52,37,1.5
53,37,1.5
54,37,1.5
55,37,1.5
56,37,1.5
35,38,1.0
36,38,1.0
37,38,1.0
38,38,1.0
39,38,1.0
40,38,1.0
41,38,1.0
42,38,1.0
43,38,1.0
44,38,1.0
45,38,1.0
46,38,1.0
47,38,1.0
48,38,1.0
49,38,1.0
50,38,1.0
51,38,1.0
52,38,1.0
53,38,1.0
54,38,1.0
55,38,1.0
56,38,1.0
35,39,0.5
36,39,0.5
37,39,0.5
38,39,0.5
39,39,0.5
40,39,0.5
41,39,0.5
42,39,0.5
43,39,0.5
44,39,0.5
45,39,0.5
46,39,0.5
47,39,0.5
48,39,0.5
49,39,0.5
50,39,0.5
51,39,0.5
52,39,0.5
53,39,0.5
54,39,0.5
55,39,0.5
56,39,0.5
35,40,1.0
36,40,1.0
37,40,1.0
38,40,1.0
39,40,1.0
40,40,1.0
41,40,1.0
42,40,1.0
43,40,1.0
44,40,1.0
45,40,1.0
46,40,1.0
47,40,1.0
48,40,1.0
49,40,1.0
50,40,1.0
51,40,1.0
52,40,1.0
53,40,1.0
54,40,1.0
55,40,1.0
56,40,1.0
35,41,1.5
36,41,1.5
37,41,1.5
38,41,1.5
39,41,1.5
40,41,1.5
41,41,1.5
42,41,1.5
43,41,1.5
44,41,1.5
45,41,1.5
46,41,1.5
47,41,1.5
48,41,1.5
49,41,1.5
50,41,1.5
51,41,1.5
52,41,1.5
53,41,1.5
54,41,1.5
55,41,1.5
56,41,1.5
35,42,2.0
36,42,2.0
37,42,2.0
38,42,2.0
39,42,2.0
40,42,2.0
41,42,2.0
42,42,2.0
43,42,2.0
44,42,2.0
45,42,2.0
46,42,2.0
47,42,2.0
48,42,2.0
49,42,2.0
50,42,2.0
51,42,2.0
52,42,2.0
53,42,2.0
54,42,2.0
55,42,2.0
56,42,2.0
35,43,2.5
36,43,2.5
37,43,2.5
38,43,2.5
39,43,2.5
40,43,2.5
41,43,2.5
42,43,2.5
43,43,2.5
44,43,2.5
45,43,2.5
46,43,2.5
47,43,2.5
48,43,2.5
49,43,2.5
50,43,2.5
51,43,2.5
52,43,2.5
53,43,2.5
54,43,2.5
55,43,2.5
56,43,2.5
35,44,3.0
36,44,3.0
37,44,3.0
38,44,3.0
39,44,3.0
40,44,3.0
41,44,3.0
42,44,3.0
43,44,3.0
44,44,3.0
45,44,3.0
46,44,3.0
47,44,3.0
48,44,3.0
49,44,3.0
50,44,3.0
51,44,3.0
52,44,3.0
53,44,3.0
54,44,3.0
55,44,3.0
56,44,3.0
35,45,100.0
36,45,100.0
37,45,100.0
38,45,100.0
39,45,100.0
40,45,100.0
41,45,100.0
42,45,100.0
43,45,100.0
44,45,100.0
45,45,100.0
46,45,100.0
47,45,100.0
48,45,100.0
49,45,100.0
50,45,100.0
51,45,100.0
52,45,100.0
53,45,100.0
54,45,100.0
55,45,100.0
56,45,100.0
89,0,100.0
88,1,100.0
87,2,100.0
86,3,100.0
85,4,100.0
84,5,100.0
83,6,100.0
82,7,100.0
81,8,100.0
80,9,100.0
79,10,100.0
78,11,100.0
77,12,100.0
76,13,100.0
75,14,100.0
74,15,100.0
73,16,100.0
72,17,100.0
71,18,100.0
70,19,100.0
69,20,100.0
68,21,100.0
67,22,1.25
68,23,100.0
69,24,100.0
70,25,100.0
71,26,100.0
72,27,100.0
73,28,100.0
74,29,100.0
75,30,100.0
76,31,100.0
77,32,100.0
78,33,100.0
79,34,100.0
80,35,100.0
81,36,100.0
82,37,100.0
83,38,100.0
84,39,100.0
85,40,100.0
86,41,100.0
87,42,100.0
88,43,100.0
89,44,100.0
89,45,100.0
88,46,100.0
87,47,100.0
86,48,100.0
85,49,100.0
84,50,100.0
83,51,100.0
82,52,100.0
81,53,100.0
80,54,100.0
79,55,100.0
78,56,100.0
77,57,100.0
76,58,100.0
75,59,100.0
74,60,100.0
73,61,100.0
72,62,100.0
71,63,100.0
70,64,100.0
69,65,100.0
68,66,100.0
67,67,100.0
67,68,100.0
67,69,100.0
67,70,100.0
67,71,100.0
67,72,100.0
67,73,100.0
67,74,100.0
67,75,100.0
67,76,100.0
67,77,100.0
67,78,100.0
68,79,100.0
69,80,100.0
70,81,100.0
71,82,100.0
72,83,100.0
73,84,100.0
74,85,100.0
75,86,100.0
76,87,100.0
77,88,100.0
78,89,100.0
79,89,100.0
80,89,100.0
81,89,100.0
82,89,100.0
83,89,100.0
84,89,100.0
85,89,100.0
86,89,100.0
87,89,100.0
88,89,100.0
89,89,100.0
45,89,2.0
45,88,2.0
45,87,2.0
45,86,2.0
45,85,2.0
45,84,2.0
45,83,2.0
45,82,2.0
45,81,100.0
45,80,0.25
45,79,0.5
45,78,2.0
45,77,2.0
45,76,2.0
45,75,2.0
45,74,2.0
45,73,2.0
45,72,2.0
45,71,2.0
45,70,2.0
45,69,2.0
45,68,2.0
45,67,2.0
46,89,1.5
46,88,1.5
46,87,1.5
46,86,1.5
46,85,1.5
46,84,1.5
46,83,1.5
46,82,100.0
46,81,0.25
46,80,0.5
46,79,1.5
46,78,1.5
46,77,1.5
46,76,1.5
46,75,1.5
46,74,1.5
46,73,1.5
46,72,1.5
46,71,1.5
46,70,1.5
46,69,1.5
46,68,1.5
46,67,1.5
47,89,0.5
47,88,0.5
47,87,0.5
47,86,0.5
47,85,0.5
47,84,0.5
47,83,100.0
47,82,0.25
47,81,0.5
47,80,0.5
47,79,0.5
47,78,0.5
47,77,0.5
47,76,0.5
47,75,0.5
47,74,0.5
47,73,0.5
47,72,0.5
47,71,0.5
47,70,0.5
47,69,0.5
47,68,0.5
47,67,0.5
11,33,100.0
11,34,100.0
11,35,100.0
11,36,100.0
11,37,100.0
11,38,100.0
11,39,100.0
11,40,100.0
11,41,100.0
11,42,100.0
11,43,100.0
11,44,100.0
11,45,100.0
11,46,100.0
11,47,100.0
11,48,100.0
11,49,100.0
11,50,100.0
11,51,100.0
11,52,100.0
11,53,100.0
11,54,100.0
11,55,100.0
11,56,100.0
11,57,100.0
11,58,100.0
11,59,100.0
11,60,100.0
11,61,100.0
11,62,100.0
11,63,100.0
11,64,100.0
11,65,100.0
11,66,100.0
11,69,100.0
11,70,100.0
11,71,100.0
11,72,100.0
11,73,100.0
11,74,100.0
11,75,100.0
11,76,100.0
11,77,100.0
0,0,100.0
1,1,100.0
2,2,100.0
3,3,100.0
4,4,100.0
5,5,100.0
6,6,100.0
7,7,100.0
8,8,100.0
9,9,100.0
10,10,100.0
11,11,100.0
0,89,100.0
1,88,100.0
2,87,100.0
3,86,100.0
4,85,100.0
5,84,100.0
6,83,100.0
7,82,100.0
8,81,100.0
9,80,100.0
10,79,100.0
11,78,100.0
45,22,1.25
46,22,1.25
47,22,1.25
48,22,1.25
49,22,1.25
50,22,1.25
51,22,1.25
52,22,1.25
53,22,1.25
54,22,1.25
55,22,1.25
56,22,1.25
57,22,1.25
58,22,1.25
59,22,1.25
60,22,1.25
61,22,1.25
62,22,1.25
63,22,1.25
64,22,1.25
65,22,1.25
66,22,1.25
45,23,1.25
46,23,1.25
47,23,1.25
48,23,1.25
49,23,1.25
50,23,1.25
51,23,1.25
52,23,1.25
53,23,1.25
54,23,1.25
55,23,1.25
56,23,1.25
57,23,1.25
58,23,1.25
59,23,1.25
60,23,1.25
61,23,1.25
62,23,1.25
63,23,1.25
64,23,1.25
65,23,1.25
66,23,1.25
67,23,1.25
45,24,1.25
46,24,1.25
47,24,1.25
48,24,1.25
49,24,1.25
50,24,1.25
51,24,1.25
52,24,1.25
53,24,1.25
54,24,1.25
55,24,1.25
56,24,1.25
57,24,1.25
58,24,1.25
59,24,1.25
60,24,1.25
61,24,1.25
62,24,1.25
63,24,1.25
64,24,1.25
65,24,1.25
66,24,1.25
67,24,1.25
45,25,1.5
46,25,1.5
47,25,1.5
48,25,1.5
49,25,1.5
50,25,1.5
51,25,1.5
52,25,1.5
53,25,1.5
54,25,1.5
55,25,1.5
56,25,1.5
57,25,1.5
58,25,1.5
59,25,1.5
60,25,1.5
61,25,1.5
62,25,1.5
63,25,1.5
64,25,1.5
65,25,1.5
66,25,1.5
67,25,1.5
45,26,0.5
46,26,0.5
47,26,0.5
48,26,0.5
49,26,0.5
50,26,0.5
51,26,0.5
52,26,0.5
53,26,0.5
54,26,0.5
55,26,0.5
56,26,0.5
57,26,0.5
58,26,0.5
59,26,0.5
60,26,0.5
61,26,0.5
62,26,0.5
63,26,0.5
64,26,0.5
65,26,0.5
66,26,0.5
67,26,0.5
45,27,100.0
46,27,100.0
47,27,100.0
48,27,100.0
49,27,100.0
50,27,100.0
51,27,100.0
52,27,100.0
53,27,100.0
54,27,100.0
55,27,100.0
56,27,100.0
57,27,100.0
58,27,100.0
59,27,100.0
60,27,100.0
61,27,100.0
62,27,100.0
63,27,100.0
64,27,100.0
65,27,100.0
66,27,100.0
67,27,100.0
45,28,0.5
46,28,0.5
47,28,0.5
48,28,0.5
49,28,0.5
50,28,0.5
51,28,0.5
52,28,0.5
53,28,0.5
54,28,0.5
55,28,0.5
56,28,0.5
57,28,0.5
58,28,0.5
59,28,0.5
60,28,0.5
61,28,0.5
62,28,0.5
63,28,0.5
64,28,0.5
65,28,0.5
66,28,0.5
67,28,0.5
45,29,1.5
46,29,1.5
47,29,1.5
48,29,1.5
49,29,1.5
50,29,1.5
51,29,1.5
52,29,1.5
53,29,1.5
54,29,1.5
55,29,1.5
56,29,1.5
57,29,1.5
58,29,1.5
59,29,1.5
60,29,1.5
61,29,1.5
62,29,1.5
63,29,1.5
64,29,1.5
65,29,1.5
66,29,1.5
67,29,1.5
45,30,100.0
46,30,100.0
47,30,100.0
48,30,100.0
49,30,100.0
50,30,100.0
51,30,100.0
52,30,100.0
53,30,100.0
54,30,100.0
55,30,100.0
56,30,100.0
57,30,100.0
58,30,100.0
59,30,100.0
60,30,100.0
61,30,100.0
62,30,100.0
63,30,100.0
64,30,100.0
65,30,100.0
66,30,100.0
67,30,100.0
55,89,0.5
54,88,0.5
53,87,0.5
52,86,0.5
51,85,0.5
50,84,0.5
49,83,0.5
48,82,0.5
44,78,0.5
43,77,0.5
42,76,0.5
41,75,0.5
40,74,0.5
39,73,0.5
38,72,0.5
37,71,0.5
36,70,0.5
35,69,0.5
35,68,0.5
35,67,0.5
54,89,0.25
53,88,0.25
52,87,0.25
51,86,0.25
50,85,0.25
49,84,0.25
48,83,0.25
44,79,0.25
43,78,0.25
42,77,0.25
41,76,0.25
40,75,0.25
39,74,0.25
38,73,0.25
37,72,0.25
36,71,0.25
35,70,0.25
34,69,0.25
34,68,0.25
34,67,0.25
53,89,100.0
52,88,100.0
51,87,100.0
50,86,100.0
49,85,100.0
48,84,100.0
44,80,100.0
43,79,100.0
42,78,100.0
41,77,100.0
40,76,100.0
39,75,100.0
38,74,100.0
37,73,100.0
36,72,100.0
35,71,100.0
34,70,100.0
33,69,100.0
33,68,100.0
33,67,100.0
45,0,100.0
45,1,100.0
45,2,100.0
45,3,100.0
45,4,100.0
45,5,100.0
45,6,100.0
45,7,100.0
45,8,100.0
45,9,100.0
45,10,100.0
45,11,100.0
46,0,1.25
47,1,1.25
48,2,1.25
49,3,1.25
50,4,1.25
50,5,1.25
50,6,1.25
50,7,1.25
50,8,1.25
50,9,1.25
50,10,1.25
50,11,1.25
47,0,1.5
48,1,1.5
49,2,1.5
50,3,1.5
51,4,1.5
51,5,1.5
51,6,1.5
51,7,1.5
51,8,1.5
51,9,1.5
51,10,1.5
51,11,1.5
48,0,2.0
49,1,2.0
50,2,2.0
51,3,2.0
52,4,2.0
52,5,2.0
52,6,2.0
52,7,2.0
52,8,2.0
52,9,2.0
52,10,2.0
52,11,2.0
49,0,2.5
50,1,2.5
51,2,2.5
52,3,2.5
53,4,2.5
53,5,2.5
53,6,2.5
53,7,2.5
53,8,2.5
53,9,2.5
53,10,2.5
53,11,2.5
50,0,100.0
51,1,100.0
52,2,100.0
53,3,100.0
54,4,100.0
54,5,100.0
54,6,100.0
54,7,100.0
54,8,100.0
54,9,100.0
54,10,100.0
54,11,100.0
60,45,100.0
60,46,100.0
60,47,100.0
60,48,100.0
60,49,100.0
60,50,100.0
60,51,100.0
60,52,100.0
60,53,100.0
60,54,100.0
60,55,100.0
60,56,100.0
60,57,100.0
60,58,100.0
60,59,100.0
60,60,100.0
60,61,100.0
60,62,100.0
60,63,100.0
60,64,100.0
60,65,100.0
60,66,100.0
60,67,100.0
60,68,100.0
60,69,100.0
60,70,100.0
60,71,100.0
60,72,100.0
60,73,100.0
60,74,100.0
60,75,100.0
60,76,100.0
60,77,100.0
60,78,100.0
60,79,100.0
60,80,100.0
60,81,100.0
60,82,100.0
60,83,100.0
60,84,100.0
60,85,100.0
60,86,100.0
60,87,100.0
60,88,100.0
62,45,100.0
62,46,100.0
62,47,100.0
62,48,100.0
62,49,100.0
62,50,100.0
62,51,100.0
62,52,100.0
62,53,100.0
62,54,100.0
62,55,100.0
62,56,100.0
62,57,100.0
62,58,100.0
62,59,100.0
62,60,100.0
62,61,100.0
62,62,100.0
62,63,100.0
62,64,100.0
62,65,100.0
62,66,100.0
62,67,100.0
62,68,100.0
62,69,100.0
62,70,100.0
62,71,100.0
62,72,100.0
62,73,100.0
62,74,100.0
62,75,100.0
62,76,100.0
62,77,100.0
62,78,100.0
62,79,100.0
62,80,100.0
62,81,100.0
62,82,100.0
62,83,100.0
62,84,100.0
62,85,100.0
62,86,100.0
62,87,100.0
62,88,100.0
61,88,100.0
61,45,0.5
61,46,0.5
61,47,0.5
61,48,0.5
61,49,0.5
61,50,0.5
61,51,0.5
61,52,0.5
61,53,0.5
61,54,0.5
61,55,0.5
61,56,0.5
61,57,0.5
61,58,0.5
61,59,0.5
61,60,0.5
61,61,0.5
61,62,0.5
61,63,0.5
61,64,0.5
61,65,0.5
61,66,0.5
61,67,0.5
61,68,0.5
61,69,0.5
61,70,0.5
61,71,0.5
61,72,0.5
61,73,0.5
61,74,0.5
61,75,0.5
61,76,3.0
61,77,3.0
61,78,3.0
61,79,3.0
61,80,3.0
61,81,3.0
61,82,3.0
61,83,3.0
61,84,3.0
61,85,3.0
61,86,3.0
61,87,3.0
12,33,100.0
13,33,100.0
14,33,100.0
15,33,100.0
16,33,100.0
17,33,100.0
18,33,100.0
19,33,100.0
20,33,100.0
21,33,100.0
0,1,1.7622279577070006
0,2,1.5631392401903934
0,3,0.5999700331054809
0,4,0.55281371476486
0,5,1.710432052984087
0,6,2.4433408166783575
0,7,1.5789267208578854
0,8,0.8814998523113317
0,9,1.5652102693505356
0,10,2.3060966950126938
0,11,1.7288172846603067
0,12,1.0002260958717035
0,13,2.3260310925764087
0,14,2.3334565785883075
0,15,1.328046918169747
0,16,1.069776837503666
0,17,1.6040680877007936
0,18,1.953905453972548
0,19,0.9516344536581324
0,20,1.7488347876817099
0,21,1.7240705003559778
1,0,2.2478755084476005
1,2,0.6177840511822683
1,3,1.3268188196941497
1,4,1.433881089298306
1,5,1.4663705841941514
1,6,2.4184739361681244
1,7,2.7317700411934838
1,8,1.983674033262887
1,9,1.6086591486869062
1,10,0.918842876353068
1,11,0.8321889253216568
1,12,1.8325800165077453
1,13,1.4893487909332808
1,14,2.1818354094747616
1,15,0.8955190724463664
1,16,1.1879982269253424
1,17,1.207663290348063
1,18,2.013079212435934
1,19,2.5721302965598722
1,20,0.690600686076269
1,21,1.4245620748598697
2,0,2.3834619301614586
2,1,0.7651228266202882
2,3,1.4795864116918236
2,4,2.9828489244250145
2,5,2.8637092183750226
2,6,0.9493682385500211
2,7,0.7947152820724142
2,8,2.524280639597563
2,9,1.7319777478620502
2,10,1.7477005624873383
2,11,0.583877899800878
2,12,2.0159174168416087
2,13,1.7340578122810957
2,14,2.8718747171092414
2,15,2.716374625351321
2,16,1.0464150584417757
2,17,2.1655097401199717
2,18,2.101937302663122
2,19,2.423924323074447
2,20,1.773913094591446
2,21,0.9307127141464926
3,0,1.9091396915718355
3,1,0.6178144460490858
3,2,0.6749724222155622
3,4,1.1771454635308567
3,5,1.9057672465686264
3,6,2.099116769479542
3,7,1.9085812195399678
3,8,1.7020223525181537
3,9,2.005264119934562
3,10,1.2724947579949188
3,11,0.7359721998426217
3,12,1.5419833356023191
3,13,2.4548659279186786
3,14,1.3244565717377377
3,15,0.686627471934771
3,16,1.9974367794442962
3,17,1.0848692924461494
3,18,1.1048648976411333
3,19,0.6983494769084043
3,20,2.403139507481131
3,21,2.3077868031462287
4,0,0.727016440997399
4,1,2.825502083331538
4,2,2.0621361936214204
4,3,0.9690450147343419
4,5,0.984333316394745
4,6,2.930941541927371
4,7,2.8001761219102113
4,8,2.2041936505276594
4,9,2.3320756475575646
4,10,0.9476827488592139
4,11,0.8303767752712333
4,12,2.5085448290453076
4,13,1.803810376843519
4,14,1.722982239393575
4,15,2.5072324614584325
4,16,0.5696171467508424
4,17,2.709521025716385
4,18,1.9297326904268493
4,19,2.3278468286748346
4,20,0.8889033693947486
4,21,2.2801904001216746
5,0,2.286505047812363
5,1,0.568258319624799
5,2,1.8039227484583922
5,3,1.176643080448465
5,4,2.0024201964019124
5,6,0.9833920006705322
5,7,2.587797097553889
5,8,2.1788236582347285
5,9,1.6553427738672677
5,10,0.8465625422883445
5,11,1.7663960252620488
5,12,1.0319241211325865
5,13,2.0863802084961547
5,14,0.5201051411764885
5,15,1.051940138641275
5,16,0.6502835065521415
5,17,2.437040835438935
5,18,0.696459672607975
5,19,2.5631040854805276
5,20,1.0011850079143552
5,21,2.3228023483757916
6,0,1.974755064921819
6,1,2.569783465645109
6,2,0.6107506325156336
6,3,1.6056233087740688
6,4,2.711370482529351
6,5,0.6785351468320129
6,7,2.9862912318798385
6,8,2.2324096441165913
6,9,2.083641711402815
6,10,2.738919977583012
6,11,0.8778399383218998
6,12,1.1942083165177093
6,13,2.33161530585932
6,14,2.1096378113941188
6,15,1.0665716286990772
6,16,2.022994899074636
6,17,0.6438091589224642
6,18,1.897042124124916
6,19,0.797892553184903
6,20,1.4490199235796135
6,21,1.6398376827707133
7,0,2.430863867059983
7,1,2.4008847109395317
7,2,2.3283555950361143
7,3,2.428390465121819
7,4,2.3450728253025908
7,5,2.095682105710678
7,6,2.6665983073820905
7,8,0.5953284622336945
7,9,0.9239038581688176
7,10,0.8503109674923766
7,11,1.8178166913765237
7,12,1.4616585561942126
7,13,0.6981671577099289
7,14,2.3408780250793098
7,15,0.5122085917716095
7,16,2.1176675867551555
7,17,1.0997891673360087
7,18,2.177755595973081
7,19,2.2358335566224663
7,20,0.9600167934001873
7,21,2.137787209992799
8,0,1.3039607154249027
8,1,2.7127261133695915
8,2,2.494582074443141
8,3,0.5682515638347264
8,4,0.8679669449815228
8,5,2.4591137507132643
8,6,0.9396726011252489
8,7,2.045474850464924
8,9,2.7923369067343335
8,10,2.116329981114581
8,11,1.685493328330943
8,12,2.3125620297447913
8,13,1.7776214851311185
8,14,1.3452911600187951
8,15,1.0319528666632325
8,16,2.2328844446351166
8,17,2.2857187822957346
8,18,1.441856392614154
8,19,1.2925012615274898
8,20,1.5507337674149317
8,21,1.7256784775120502
9,0,1.0155248022214125
9,1,0.7140612650531004
9,2,2.4337451319577093
9,3,1.1936782244544861
9,4,2.6844926560967575
9,5,1.1037396122438643
9,6,0.5464850949793288
9,7,0.925212911368717
9,8,1.1565998041322638
9,10,1.3628078858208998
9,11,2.6044477771087093
9,12,1.7592675847597774
9,13,1.4166631868648953
9,14,2.7739470332927056
9,15,1.360980705749253
9,16,1.3589678767625906
9,17,2.628191531198727
9,18,0.7289403565962465
9,19,0.6002787621984697
9,20,1.7400974513174687
9,21,2.3634748420471903
10,0,1.5760956309351186
10,1,1.4473263293178078
10,2,2.381127678162845
10,3,0.6653463118620324
10,4,0.6890976739310082
10,5,0.903997023215949
10,6,1.8374435056016143
10,7,2.9412176569679787
10,8,2.7540188374258916
10,9,2.075134495034924
10,11,1.2385111864040548
10,12,2.5461988804952185
10,13,2.233645755234403
10,14,2.451332746795827
10,15,2.790433255115023
10,16,0.7522361802072659
10,17,1.6932971390052343
10,18,1.1357639470286665
10,19,0.8198563686292877
10,20,1.1338217269195787
10,21,2.7801742465149593
11,0,1.2350884765898333
11,1,1.7238239291274888
11,2,0.9239339739598313
11,3,1.3184382270066084
11,4,0.7689927853663685
11,5,2.1383098654671544
11,6,1.553581767885408
11,7,2.1725159083590584
11,8,1.9259609672088507
11,9,1.9307797107275988
11,10,1.7266669027702655
11,12,1.8088842226242785
11,13,1.2430558644136092
11,14,2.526987827660203
11,15,0.8200699798207735
11,16,2.148405667303176
11,17,1.9359612857868977
11,18,2.669997927068707
11,19,2.6169177167274404
11,20,1.6335119360418033
11,21,2.934686540596997
12,0,0.8068606052144429
12,1,1.0902105621072669
12,2,2.7275893945086054
12,3,1.2248614018503758
12,4,2.5722314159757045
12,5,2.6494681825031807
12,6,1.6202444995317613
12,7,0.920574180136471
12,8,0.7381044656206088
12,9,2.182830848096782
12,10,2.210003014909282
12,11,2.951508183805161
12,12,1.5501775097448194
12,13,1.7402417713748681
12,14,2.2458465268251753
12,15,1.54667012380365
12,16,1.5751772572648488
12,17,1.526045779470783
12,18,0.9433053545196317
12,19,2.768385370053356
12,20,1.5899181585871995
12,21,2.6001822856617545
13,0,2.2032425061421197
13,1,0.7320078552377272
13,2,1.2912898183406283
13,3,2.0911762969501773
13,4,2.949115650110136
13,5,0.7333800730426594
13,6,2.8257124345522
13,7,2.8353850193178616
13,8,1.2011226313071892
13,9,0.5204692794923858
13,10,1.6533944258003914
13,11,2.8682084023847505
13,12,2.6603293984495044
13,13,0.766215717008186
13,14,2.9719462949445448
13,15,2.2178602913738903
13,16,0.8956252692678192
13,17,2.7630239585417913
13,18,1.841578874334244
13,19,0.7791706750503766
13,20,2.712545341912522
13,21,2.927396573005246
14,0,0.9543342867858644
14,1,2.6360907335004073
14,2,0.7703675106755321
14,3,2.5820416220821265
14,4,2.509906792402518
14,5,1.397133280513471
14,6,2.8127417139118114
14,7,2.759103593642706
14,8,1.8315547642546102
14,9,1.1870326420188784
14,10,0.882553620302468
14,11,1.3539623599251478
14,12,1.638022480450048
14,13,2.157910064859298
14,14,1.5320654409226275
14,15,2.0510898619155853
14,16,0.6589633344844756
14,17,1.7187738719838102
14,18,2.6245911482812994
14,19,1.9208301097800755
14,20,2.5248583517748524
14,21,2.6060334672090724
15,0,2.661038986783599
15,1,2.413259293346545
15,2,1.5466833204707446
15,3,1.6489270144264667
15,4,0.6846179127269715
15,5,2.4341442173932855
15,6,2.161678239594414
15,7,2.6558325114994457
15,8,2.826043895749802
15,9,1.7081783574918892
15,10,1.3503401442124383
15,11,2.513686663018593
15,12,0.5813320808759765
15,13,1.3106882880335422
15,14,2.137443736581553
15,15,2.0256499035797533
15,16,1.440710777563806
15,17,2.1368589243338443
15,18,1.8432832795972787
15,19,2.7937047602193212
15,20,1.6709080291810374
15,21,2.791539256318793
16,0,1.0811885435466382
16,1,0.5932682083618233
16,2,1.4846083594829667
16,3,1.8974895365729925
16,4,2.076643719910702
16,5,1.7618569951807883
16,6,1.2323693358004917
16,7,2.9367125985573344
16,8,2.6386771569392087
16,9,1.0202899251952227
16,10,1.444500898759124
16,11,1.769507589675697
16,12,1.6475702888665118
16,13,1.4461662248500613
16,14,2.895940449848122
16,15,1.0767837344389353
16,16,1.3144209209510909
16,17,2.4272520651762175
16,18,0.890037157604989
16,19,0.8204402454429502
16,20,2.8114843419666067
16,21,2.253918915118353
17,0,1.4913122366194687
17,1,2.877873474683808
17,2,1.8472532775301957
17,3,1.6809972500593444
17,4,2.768887714332934
17,5,2.8263313736359628
17,6,1.6411084062187986
17,7,0.7984332447597973
17,8,2.490353333731495
17,9,0.6227062112707855
17,10,2.484357592548385
17,11,2.571848362040125
17,12,1.217087468699821
17,13,0.7556674875818756
17,14,1.9254893207883486
17,15,2.925946404167958
17,16,1.4185830955778187
17,17,1.1852092036965838
17,18,2.301808421315706
17,19,1.8489896018383418
17,20,0.6854562921127665
17,21,1.9573294834918826
18,0,1.3509444626255913
18,1,1.164116089903151
18,2,2.3933053338122274
18,3,0.9049089212813659
18,4,2.305834972517539
18,5,2.342109154469587
18,6,2.6885421326617713
18,7,1.1840259393637058
18,8,1.8640419949551155
18,9,2.77431236223161
18,10,2.6719433384397675
18,11,2.487127903127413
18,12,0.7247598600232997
18,13,1.8530115053617826
18,14,1.7301777097776831
18,15,2.896243182409029
18,16,2.487099930270215
18,17,0.8521200370301849
18,18,1.9892946213808829
18,19,1.2511356149279746
18,20,1.9177428453583583
18,21,1.8518529622549067
19,0,2.489491929822242
19,1,2.2355806264637925
19,2,2.663100354880314
19,3,2.490780296466294
19,4,1.2885337326232045
19,5,1.8371802846313996
19,6,0.9919951791588517
19,7,1.7672498417762077
19,8,1.246448353383746
19,9,2.5911102172340237
19,10,1.0667421780151503
19,11,2.294838545139676
19,12,2.5910142648424417
19,13,0.6202534787356493
19,14,1.61048479554896
19,15,1.4972425574567914
19,16,2.0527159713624674
19,17,2.3644587163955038
19,18,2.918969263856348
19,19,1.5584009292292362
19,20,1.6254183291674613
19,21,0.5012764437097751
20,0,0.772460141284746
20,1,2.0742046580535223
20,2,0.6032816506440994
20,3,1.9437821042936392
20,4,1.6503708334948017
20,5,1.9863938693886811
20,6,1.0046499160838216
20,7,2.758635190608798
20,8,2.7068696867718405
20,9,1.2904401107055625
20,10,1.6515044991076895
20,11,1.0897693500726584
20,12,2.7099351313603064
20,13,1.683584765942273
20,14,2.9890962103092242
20,15,1.8492525602522991
20,16,2.4120251113836124
20,17,0.7688873293565621
20,18,2.702487529632109
20,19,2.865832249532496
20,20,2.695581563307738
20,21,1.744413637986728
21,0,1.1346051265105024
21,1,0.7232095825122595
21,2,2.552018564645003
21,3,2.635115849484031
21,4,2.5728755395202922
21,5,1.2140934828895706
21,6,0.8164105999724498
21,7,2.0863393166456445
21,8,1.0704176635780434
21,9,0.9143568300860199
21,10,1.5490258062253326
21,11,1.2521951957990711
21,12,1.305883137407438
21,13,1.2803793620157249
21,14,1.7366343003125657
21,15,1.0598144124961302
21,16,2.7462058270556167
21,17,1.8343704190697927
21,18,0.688807893444193
21,19,1.0798647793133567
21,20,2.0378611034147394
21,21,2.979930758893922
22,12,0.7010643677385265
22,13,1.414153589000096
22,14,1.5815926246222773
22,15,1.996952911165864
22,16,0.8694026217571031
22,17,1.118877291613715
22,18,0.8057991668983973
22,19,2.040360302931501
22,20,2.5674706525755333
22,21,0.9389000507384649
70,60,1.5097616744434668
70,61,1.5162419601944324
70,62,1.656649910029263
70,63,1.687922059057552
70,65,1.610826830114404
70,66,1.970370011269799
70,67,1.92966454639295
70,68,1.2769049969812687
70,69,1.3569603366736063
70,70,1.8477862433703747
70,71,1.23770827554937
70,72,1.402290510207809
70,73,1.8769387069512382
70,74,1.5637989853267966
70,75,1.7035695785873486
70,76,1.4425028278235437
70,77,1.8371872383494599
70,78,1.5290771728044237
70,79,1.4804536914192137
70,80,1.6866510066526257
70,82,1.7840163590340614
70,83,1.5441573146348417
70,84,1.6642159700293935
70,85,1.777925954184298
70,86,1.9932950669754654
70,87,1.7341459081779242
70,88,1.883380670304213
70,89,1.5347983172646362
71,60,1.2991313140853276
71,61,1.282701466529384
71,62,1.6466025565024363
71,64,1.736529636951409
71,65,1.375107286575677
71,66,1.6967316240452146
71,67,1.4323654324843487
71,68,1.9750429700562542
71,69,1.5803674509023815
71,70,1.4926990886157796
71,71,1.9016927147768041
71,72,1.3637706685682502
71,73,1.7204862286889853
71,74,1.5871190697163797
71,75,1.4338652669887058
71,76,1.932033329745632
71,77,1.5455527046590842
71,78,1.4988839624985413
71,79,1.7832228519689401
71,80,1.550654572623239
71,81,1.9294010478588244
71,83,1.2092536310716677
71,84,1.6491690587116556
71,85,1.2637996466782526
71,86,1.3173123105980258
71,87,1.6128171710369112
71,88,1.289800607618445
71,89,1.5486119874480464
72,60,1.2383624109990603
72,61,1.4375553818262339
72,63,1.9586650856936987
72,64,1.6036789100397086
72,65,1.2435494436307397
72,66,1.9884029124523015
72,67,1.5446737839176723
72,68,1.4142310697785416
72,69,1.900720650352029
72,70,1.3764652402957944
72,71,1.5803308202899733
72,72,1.8286856034126937
72,73,1.554144670200924
72,74,1.481052574201092
72,75,1.4010507890404824
72,76,1.3021163919864107
72,77,1.6466748512520573
72,78,1.351086401420273
72,79,1.6851434898305038
72,80,1.9558257021221408
72,81,1.834826706712411
72,82,1.5886326798839203
72,84,1.8065577677459252
72,85,1.2835714976632628
72,86,1.8249702913278478
72,87,1.2906556747720197
72,88,1.6356808100616416
72,89,1.4218409439123396
73,60,1.2714525309194997
73,62,1.930257911059944
73,63,1.4627067932780546
73,64,1.6013516295625954
73,65,1.5130967914501232
73,66,1.7143665955489835
73,67,1.219052179446692
73,68,1.6938150541623171
73,69,1.2908292838420683
73,70,1.4272974790818476
73,71,1.4557922353746275
73,72,1.3128694582443556
73,73,1.5322277764687848
73,74,1.2940767812153262
73,75,1.9111516473347534
73,76,1.6065506831682121
73,77,1.6316805616746595
73,78,1.6264726322057903
73,79,1.859800131043672
73,80,1.732264166183443
73,81,1.51206598066002
73,82,1.6283439981560446
73,83,1.5713136913221444
73,85,1.881528232386553
73,86,1.7555448384921966
73,87,1.6705348458868938
73,88,1.6935207792013223
73,89,1.4258454981811928
74,61,1.6010058528672744
74,62,1.5305127858287817
74,63,1.9590844710444253
74,64,1.6183562143344197
74,65,1.6530124908489836
74,66,1.993225798512591
74,67,1.8739082216749643
74,68,1.7100932533606756
74,69,1.6098995696612146
74,70,1.393750343146955
74,71,1.469870625143019
74,72,1.940428998912075
74,73,1.3745698956614925
74,74,1.8815084898192131
74,75,1.9782659022328608
74,76,1.3814512137974853
74,77,1.4501112577870194
74,78,1.9576962281677872
74,79,1.408793414709535
74,80,1.3633492281610793
74,81,1.572224228907449
74,82,1.8806674401602488
74,83,1.9077010264660699
74,84,1.8827225555324802
74,86,1.2612360831381966
74,87,1.600969334698208
74,88,1.9970255489910453
74,89,1.3773234093737763
75,60,1.556337034062195
75,61,1.3422340315641093
75,62,1.6651107294560372
75,63,1.6569143503600292
75,64,1.8469752160950021
75,65,1.7228007220787869
75,66,1.6944821847626628
75,67,1.6941040506484488
75,68,1.9214206132639662
75,69,1.9073037973410036
75,70,1.737564457190763
75,71,1.4602277741870913
75,72,1.9376003597780445
75,73,1.9430735369008598
75,74,1.9033146943303971
75,75,1.6521739390512147
75,76,1.5474844686345275
75,77,1.9448059610072608
75,78,1.3307297990937013
75,79,1.9090976203827288
75,80,1.5073635587879743
75,81,1.6259271189061644
75,82,1.2867832830042618
75,83,1.2349595024668343
75,84,1.96504689142226
75,85,1.7296311732977054
75,87,1.6928952864314264
75,88,1.8403056735562473
75,89,1.3787322123811987
76,60,1.315805701850248
76,61,1.6871770157308434
76,62,1.4716225417342486
76,63,1.9648132905481106
76,64,1.9538232058537053
76,65,1.590950455585853
76,66,1.267054172605657
76,67,1.3470884546264057
76,68,1.57824324288476
76,69,1.8707189275924594
76,70,1.775228546754427
76,71,1.484806084988969
76,72,1.843930978079477
76,73,1.3035876323407853
76,74,1.9067483057776577
76,75,1.4391505482421827
76,76,1.378892028057696
76,77,1.889202879124455
76,78,1.2993925456134614
76,79,1.6558356922180417
76,80,1.618462062153269
76,81,1.3190381797899096
76,82,1.9290547730116931
76,83,1.2571668078664622
76,84,1.895818041635481
76,85,1.68948202665789
76,86,1.7965999471872007
76,88,1.4275706777735595
76,89,1.3057864123436638
77,60,1.9120494418149863
77,61,1.4228567056124206
77,62,1.8267434535299667
77,63,1.9494588037753384
77,64,1.7316427166201214
77,65,1.3443267148667408
77,66,1.998958960081917
77,67,1.9703246275224173
77,68,1.5465228102260453
77,69,1.5826138516034547
77,70,1.749176764523047
77,71,1.552231862276317
77,72,1.5189570169724766
77,73,1.8759608110230954
77,74,1.9719995282991056
77,75,1.9856460653821588
77,76,1.512946241681618
77,77,1.5197046634504936
77,78,1.2789737719286587
77,79,1.6890913402431778
77,80,1.7215400717815834
77,81,1.7193948396930545
77,82,1.2304220552730463
77,83,1.6592449734399315
77,84,1.2820851934209534
77,85,1.8709831143577313
77,86,1.9979513681427408
77,87,1.2039015870151102
77,89,1.299090529530919
78,60,1.4039683796009608
78,61,1.4178860905615311
78,62,1.981575703019802
78,63,1.749851111331982
78,64,1.653882570220648
78,65,1.933883697005546
78,66,1.5677289949860442
78,67,1.5870987261867588
78,68,1.651994962636872
78,69,1.9828736441940125
78,70,1.2988858675929327
78,71,1.8349860509328262
78,72,1.5676143754342546
78,73,1.3649075697197832
78,74,1.926113276138481
78,75,1.8540226631296626
78,76,1.5075198184528462
78,77,1.6188661405180087
78,78,1.8507543785052172
78,79,1.4490059733792455
78,80,1.2936474830047122
78,81,1.7511853390164929
78,82,1.2334328459071493
78,83,1.6143373098188565
78,84,1.4363544303494877
78,85,1.578207145696029
78,86,1.2294460047717986
78,87,1.5313513160950791
78,88,1.8333295090309756
79,60,1.3510980538242987
79,61,1.4749585535358767
79,62,1.400230789911728
79,63,1.3720689653628022
79,64,1.2669694392618107
79,65,1.7932708540358986
79,66,1.8451532387483813
79,67,1.3789848410842727
79,68,1.5710076987789894
79,69,1.922685435964019
79,70,1.871969596698929
79,71,1.34247542293701
79,72,1.4072259991812097
79,73,1.9542692193231412
79,74,1.740118530145404
79,75,1.287466343396459
79,76,1.6573368076699306
79,77,1.2588405692698423
79,78,1.8873602021308056
79,79,1.624199584554751
79,80,1.7446893388373872
79,81,1.7750167469464673
79,82,1.3645686698110517
79,83,1.4149253411580445
79,84,1.6332903647434092
79,85,1.2951869208738576
79,86,1.392269781192012
79,87,1.4727992415027564
79,88,1.2112435179805177
80,60,1.8205097141372741
80,61,1.2274927616003188
80,62,1.2783643255707047
80,63,1.3992264710540567
80,64,1.4423983806293186
80,65,1.7439042976001238
80,66,1.7354790185509348
80,67,1.3183626956889927
80,68,1.67706142767665
80,69,1.4162133426194154
80,70,1.7585202559900506
80,71,1.3383956083131412
80,72,1.8862713174245207
80,73,1.2330659471397238
80,74,1.652270837138401
80,75,1.7692671033117222
80,76,1.708843367349092
80,77,1.409480752686886
80,78,1.6724919727925713
80,79,1.6240843821925786
80,80,1.4629483511578092
80,81,1.5955615884972467
80,82,1.962994793444069
80,83,1.7240555781091151
80,84,1.557760368894473
80,85,1.8993145055909242
80,86,1.5453544049380727
80,87,1.7119793430095167
80,88,1.9378430576745715
81,60,1.452869732968827
81,61,1.5651191587182094
81,62,1.2632562359554314
81,63,1.7897732937418458
81,64,1.4049918228277973
81,65,1.7828043602919146
81,66,1.6569422578602584
81,67,1.638655720001951
81,68,1.4496750201108117
81,69,1.8776396241918816
81,70,1.7111079412280512
81,71,1.8754300195656897
81,72,1.7601981417043555
81,73,1.2766008086667724
81,74,1.573742039643208
81,75,1.660919021705218
81,76,1.8177903928518109
81,77,1.5505102383637994
81,78,1.422111306159848
81,79,1.806977239174404
81,80,1.628780247881863
81,81,1.2068484121488958
81,82,1.8359093080852515
81,83,1.2083229794118122
81,84,1.4317633503298237
81,85,1.6825993591277433
81,86,1.373827195897916
81,87,1.9291651619645076
81,88,1.6243951162477797
82,60,1.80958335840639
82,61,1.8401324945559483
82,62,1.8118446000087005
82,63,1.3662269015077524
82,64,1.518821668747551
82,65,1.784397605079885
82,66,1.8742302219879585
82,67,1.6123825574196118
82,68,1.8093698663865816
82,69,1.4683291908119718
82,70,1.521676971301193
82,71,1.2509300456886807
82,72,1.2628337677657226
82,73,1.4813995281129269
82,74,1.4641001447208806
82,75,1.4875293855155678
82,76,1.4646208352063141
82,77,1.785721529558712
82,78,1.956324828219962
82,79,1.7523927381739126
82,80,1.5906282335012814
82,81,1.299503672030747
82,82,1.986746859171383
82,83,1.6054489680166606
82,84,1.2049376369012728
82,85,1.4443397988247277
82,86,1.6295230995782057
82,87,1.5868685070326525
82,88,1.6778151998007456
83,60,1.750898493248837
83,61,1.507832058931025
83,62,1.3234937955663513
83,63,1.7424676501786087
83,64,1.2084328544226546
83,65,1.9941119779573138
83,66,1.4554073162865893
83,67,1.347824105142937
83,68,1.2219737961633486
83,69,1.28916802070049
83,70,1.798083544173975
83,71,1.626192001852939
83,72,1.8754357950202545
83,73,1.3934331769297161
83,74,1.4943789590244274
83,75,1.9816635780256902
83,76,1.5045547485688686
83,77,1.4874938764071322
83,78,1.5849451283096772
83,79,1.9217986194138972
83,80,1.831522773295394
83,81,1.2889253775442266
83,82,1.476352096350593
83,83,1.8676248539549394
83,84,1.4772615007000676
83,85,1.2169775340848523
83,86,1.4134608984371828
83,87,1.366025186115737
83,88,1.3723893467978174
84,60,1.2568198746591557
84,61,1.2858954027920588
84,62,1.3238302856737305
84,63,1.6099110086469255
84,64,1.6882974927386198
84,65,1.5404495201758304
84,66,1.456702344851713
84,67,1.6666423769001388
84,68,1.442338013861789
84,69,1.280322021937678
84,70,1.7366148115398965
84,71,1.8068277020529513
84,72,1.7162037736389077
84,73,1.5373960272208578
84,74,1.7612038144984226
84,75,1.2280332871795445
84,76,1.7106086152519402
84,77,1.669779375178956
84,78,1.9461262825406411
84,79,1.869609823565946
84,80,1.9704605363802505
84,81,1.9768968635021404
84,82,1.8403902069727938
84,83,1.5781789895686
84,84,1.6056430489953042
84,85,1.3391274364993084
84,86,1.8610518625416037
84,87,1.849123366281203
84,88,1.2093856220743586
85,60,1.2673976604168677
85,61,1.5314083284732034
85,62,1.6860965865716664
85,63,1.361209697393503
85,64,1.4626324718801453
85,65,1.4953992669894973
85,66,1.4173963304307755
85,67,1.9935516042716803
85,68,1.2791866516620425
85,69,1.8091812203103865
85,70,1.6461500095253059
85,71,1.7084262461036601
85,72,1.2726439845470983
85,73,1.7517922589739268
85,74,1.6538063844174802
85,75,1.5847719007033505
85,76,1.8337066534604305
85,77,1.984192362203199
85,78,1.3389916641706627
85,79,1.9144284119424353
85,80,1.4553526369499692
85,81,1.9424152334176652
85,82,1.7415522968922432
85,83,1.9281307624809814
85,84,1.7274597030342704
85,85,1.5478667972836315
85,86,1.4061320964553699
85,87,1.6114427765650625
85,88,1.7481180072006737
86,60,1.8519609495533234
86,61,1.4612019611440379
86,62,1.69782263047084
86,63,1.451918207518074
86,64,1.5546517381790017
86,65,1.7526015912319517
86,66,1.7488203895885785
86,67,1.669547180813071
86,68,1.781475161957497
86,69,1.6614980813132796
86,70,1.569928840105156
86,71,1.2898625363138259
86,72,1.911040855215817
86,73,1.4361047451157323
86,74,1.8532039522844426
86,75,1.7750830580047228
86,76,1.6739813563190629
86,77,1.5788148233712216
86,78,1.8980574531604966
86,79,1.9502924161486201
86,80,1.354355897178335
86,81,1.94009949752869
86,82,1.834121338232052
86,83,1.7625042415679977
86,84,1.877159321701098
86,85,1.794767469193709
86,86,1.8257702989150795
86,87,1.9103787795802298
86,88,1.7670938523131825
87,60,1.9676927884135922
87,61,1.3989999092386496
87,62,1.5004772629800027
87,63,1.301937271812412
87,64,1.4042746579008203
87,65,1.962905351350378
87,66,1.9607936740187877
87,67,1.2286645390310513
87,68,1.2006811955193886
87,69,1.6700959619118156
87,70,1.3424746589654286
87,71,1.7573342244572618
87,72,1.819624786965484
87,73,1.5552784248386617
87,74,1.5250956987753268
87,75,1.3223959188488685
87,76,1.8652751202636577
87,77,1.7841880545713962
87,78,1.7300926349568853
87,79,1.6288541511941637
87,80,1.3668333005458884
87,81,1.669052503594453
87,82,1.212591242000003
87,83,1.3680187818877396
87,84,1.9396236695709648
87,85,1.2681947708380048
87,86,1.9562236505987673
87,87,1.7803696642380467
87,88,1.7689353312413276
88,60,1.2471543698811882
88,61,1.2963907930604366
88,62,1.4061057347778994
88,63,1.3056959364768297
88,64,1.357052642604172
88,65,1.746429690632033
88,66,1.343170058090905
88,67,1.2086206649393025
88,68,1.2067239735250788
88,69,1.4183438292982098
88,70,1.2714707894967399
88,71,1.6845511642670656
88,72,1.790900874758905
88,73,1.5372352429660303
88,74,1.2781899536304588
88,75,1.544448714326137
88,76,1.4841899594859054
88,77,1.9144582415134213
88,78,1.7786504086538621
88,79,1.212591945942463
88,80,1.9143964668473819
88,81,1.9839507308549935
88,82,1.3459295452878348
88,83,1.940977745375548
88,84,1.5773634232331668
88,85,1.293312156332517
88,86,1.422603741274882
88,87,1.4556591487212847
88,88,1.7340592439531701
89,60,1.9797280129296537
89,61,1.5985089193767512
89,62,1.945501847470295
89,63,1.3920409182373783
89,64,1.8581103845661526
89,65,1.3403963044504066
89,66,1.4305098014154298
89,67,1.3031529417944603
89,68,1.773408237136911
89,69,1.2579619945001521
89,70,1.9740767350927475
89,71,1.4995684385433394
89,72,1.6059198908713317
89,73,1.411440184146695
89,74,1.5083197133235657
89,75,1.8360929698044632
89,76,1.7850857137652458
89,77,1.6069701460274501
89,78,1.422488782226237
89,79,1.7791435727710367
89,80,1.4287154812274525
89,81,1.6971471948218118
89,82,1.3656010357910846
89,83,1.8304777992722492
89,84,1.5728758382903467
89,85,1.524554617198658
89,86,1.600804630828938
89,87,1.2537267485338048
89,88,1.4796035268876777
11,79,0.9113006139667271
11,80,0.8087592378536502
11,81,0.9982122169860645
11,82,1.2724145230596775
11,83,1.0161426707484293
11,84,1.4723049640145396
11,85,1.3932975356947492
11,86,1.2730999218695722
11,87,1.079091456778782
11,88,0.8564836742428692
11,89,1.0177231159795666
12,45,1.0072336262972867
12,46,0.8526339612550484
12,47,1.0635048055592535
12,48,1.1417674106812539
12,49,1.3902674661323327
12,50,1.0928982213221878
12,51,0.9739695603946935
12,52,1.1799155164809771
12,53,0.8039200864087228
12,54,1.029264147200292
12,55,1.1192434314893183
12,56,1.1355706711985238
12,57,1.4590688711789492
12,58,0.899440437158385
12,59,1.1471152128419302
12,60,0.9536539524715706
12,61,1.2905745284964611
12,62,1.4215268931220981
12,63,1.1877767817865463
12,64,1.0334042787031816
12,65,1.2942143656667984
12,66,0.8921418630795281
12,69,1.4644302633411597
12,70,1.4363086570126566
12,71,1.24037507279456
12,72,0.8961162719771125
12,73,0.8151377376581028
12,74,1.262384010114193
12,75,1.4091118386268087
12,76,0.9121910887034245
12,77,1.426761910537392
12,78,1.300249594181894
12,79,1.3504927914105136
12,80,1.4060454474036677
12,81,0.9506592920747621
12,82,0.9880203158699947
12,83,1.1184892947374745
12,84,1.0526657179244419
12,85,0.8414354049955273
12,86,1.2968907471395195
12,87,1.0702552789930628
12,88,1.0022634826850902
12,89,0.995448517722904
13,45,1.1911782956441175
13,46,1.4011719774425688
13,47,1.398425752157575
13,48,0.8315654311942648
13,49,1.3596879197492213
13,50,1.3782340975519198
13,51,0.9750939106067644
13,52,1.2426676170641082
13,53,1.4152607534489061
13,54,1.0767208962948938
13,55,1.1372013436585622
13,56,1.2841258532504747
13,57,1.0601135737895924
13,58,1.1631624919506658
13,59,0.9155687359050847
13,60,1.3884140127398226
13,61,1.445499302251771
13,62,0.8351185357371389
13,63,0.9739695810097938
13,64,1.496462998611686
13,65,1.4610219696274527
13,66,0.8028882132840865
13,69,1.0322656377776012
13,70,1.2817201738247128
13,71,1.0302879634103805
13,72,1.217009342812826
13,73,1.2763797746307215
13,74,1.0473573128311575
13,75,1.2486774401213214
13,76,1.0531503086973724
13,77,0.9732618517424279
13,78,0.9656238084292836
13,79,0.82826404725374
13,80,1.0946886948803511
13,81,1.2082818993834357
13,82,0.9529329483814934
13,83,0.8665464921547654
13,84,1.3659838975417995
13,85,1.3547829211671458
13,86,1.1082698557934414
13,87,0.9426201667171619
13,88,1.0319672336030412
13,89,1.3449875379879708
14,45,1.020362941853194
14,46,0.9210980293266537
14,47,0.940030081449723
14,48,1.0143552877914237
14,49,1.448681839672063
14,50,0.902363346859183
14,51,1.051079030545234
14,52,1.1543428758579761
14,53,1.4407315348811394
14,54,1.209008613691936
14,55,1.2261211539271595
14,56,1.3765580181849502
14,57,1.1370825105506208
14,58,1.1900644226197885
14,59,1.3164859842580856
14,60,0.8050013057337168
14,61,0.9228541679961587
14,62,0.9128872079184256
14,63,1.0360166158443465
14,64,1.1960895750142686
14,65,0.8642023188134688
14,66,1.1595977943242155
14,69,1.0719347720150667
14,70,1.0190251743939605
14,71,1.0839657766043833
14,72,0.8806707181226215
14,73,1.0917795221639874
14,74,1.0693179935793355
14,75,0.803549795734953
14,76,1.0661491067317719
14,77,1.3101938823372388
14,78,1.008925839618668
14,79,0.8151095856637848
14,80,1.0691735684295338
14,81,1.1487831990677457
14,82,1.057040125071612
14,83,1.2885636685440074
14,84,1.0927657465017557
14,85,1.4349874300169163
14,86,0.8198415641286319
14,87,1.1454014543912363
14,88,1.244951261085486
14,89,1.44329314051195
15,45,0.9754341317324715
15,46,1.092059726522973
15,47,1.1504096687579883
15,48,0.8747319299361689
15,49,0.9654623904493764
15,50,0.9335240808759351
15,51,1.0293400951949874
15,52,0.9645603408471741
15,53,1.0087064094553233
15,54,0.9795618688566277
15,55,1.269277663112835
15,56,1.1008350774682416
15,57,0.8245170922656629
15,58,0.9619602084359459
15,59,0.9719268955589035
15,60,1.478028372677977
15,61,1.2197818008550971
15,62,0.916661138161402
15,63,1.2818804891439224
15,64,1.1696957031214579
15,65,0.9352108052558047
15,66,0.8263253855352106
15,69,1.1528234119931455
15,70,1.1600366969000948
15,71,1.0295374310058147
15,72,0.9307391361658802
15,73,1.2710016697617887
15,74,0.8991104553694731
15,75,1.3091345183701075
15,76,1.139238722800294
15,77,0.9426161147497287
15,78,0.8333754776629765
15,79,1.3337780636817531
15,80,0.8969160603816992
15,81,1.170319075345474
15,82,1.0952069026971378
15,83,1.0359513523384474
15,84,0.9670392351039143
15,85,1.412759005676572
15,86,0.8532121188201224
15,87,0.9274088298908071
15,88,0.8195547993693983
15,89,0.9123154215809841
16,45,0.9697048306899987
16,46,1.14014768894896
16,47,1.4459160955535533
16,48,1.3000687970376954
16,49,0.9917754337620681
16,50,1.4494192064189364
16,51,1.0450364184372798
16,52,1.126679071905083
16,53,1.3658410148183076
16,54,0.9945161082844297
16,55,0.8019086803895136
16,56,1.4609010205353619
16,57,1.2926331192160982
16,58,0.9592842113479025
16,59,0.8153665267152457
16,60,1.2548998052495555
16,61,1.2498984436369982
16,62,1.466899491173471
16,63,0.8669689282681022
16,64,1.3423316321904337
16,65,1.207916775918261
16,66,1.2395819517651432
16,69,1.4566283386918015
16,70,0.8107229433759341
16,71,1.2827634124149594
16,72,1.3978161386635493
16,73,0.8592014158919115
16,74,0.898390901618434
16,75,1.1418167159457857
16,76,1.2435007696026872
16,77,1.464268325895492
16,78,0.8726282663908168
16,79,1.2388455561514187
16,80,1.2118146066466222
16,81,1.2446365634002177
16,82,0.9673573707177411
16,83,0.9653382465912743
16,84,1.0239380510734166
16,85,1.2231816853088433
16,86,1.2032270250803916
16,87,1.024142309242097
16,88,1.1779874929420195
16,89,1.3208961183361811
17,45,1.020349809774644
17,46,0.9969371517274525
17,47,1.069626698970667
17,48,0.9797638141186935
17,49,1.1775695457332087
17,50,1.2138730498969306
17,51,1.2342067187028896
17,52,1.1939271744787405
17,53,1.2000671954874456
17,54,1.142170546358521
17,55,1.45223712126092
17,56,1.4609313415071044
17,57,1.092787393144047
17,58,1.0620180220266757
17,59,1.2620712358000024
17,60,0.9482053147327726
17,61,1.370121620291311
17,62,0.8916309526504536
17,63,0.8388842893810823
17,64,1.3328678453479843
17,65,1.3827663027814028
17,66,0.8200530030954954
17,69,0.9551913479165068
17,70,1.2383328735298815
17,71,1.2670926813432457
17,72,1.257762595163325
17,73,1.126252786131476
17,74,1.436963886177874
17,75,0.9277925496511674
17,76,1.4797532907235327
17,77,0.8845816524613654
17,78,1.1017564226343368
17,79,1.1254396061326275
17,80,1.3260445249824078
17,81,1.3872427763931399
17,82,1.4033328457861751
17,83,1.3299639895158344
17,84,1.2393057418054743
17,85,1.0215926657365932
17,86,1.4021710363352022
17,87,1.0717740263738227
17,88,0.9783380541525591
17,89,1.2630449934676498
18,45,0.8928662998212934
18,46,1.0198554135622022
18,47,0.9818615914876364
18,48,0.9537434071939828
18,49,1.2672311415258941
18,50,0.8069634835247089
18,51,0.8019919362135237
18,52,1.0287804324554202
18,53,0.8081462045486442
18,54,1.3672806665020003
18,55,0.9902685595689925
18,56,0.8337228816328811
18,57,0.8910791554599443
18,58,1.1754695955016883
18,59,1.2054605701415306
18,60,1.099876767358138
18,61,1.239814847985319
18,62,1.1463784549302534
18,63,1.4539073202305155
18,64,1.1981624112616311
18,65,1.2835016082309005
18,66,1.2577277045331958
18,69,1.4485336196811318
18,70,0.9204859416465005
18,71,1.1194774688750715
18,72,0.8508862059198076
18,73,1.4966273296244572
18,74,1.248699182474944
18,75,1.1545652862641127
18,76,0.8231264852920405
18,77,0.9872681903360241
18,78,1.0166598087871916
18,79,1.0586314817663633
18,80,1.360105541656024
18,81,1.4474271882174325
18,82,0.9494837581231113
18,83,0.8623375965423943
18,84,1.2013063193545526
18,85,1.361049649110002
18,86,1.2157795524672685
18,87,1.181261037018662
18,88,1.226594117570305
18,89,1.3984715384634105
19,45,1.420524025002532
19,46,1.0698854011310388
19,47,1.2627951070825063
19,48,1.100119307571119
19,49,1.4449401561518052
19,50,1.0214663752547348
19,51,0.9061553676588388
19,52,0.8640136750723733
19,53,1.2017977309059333
19,54,1.336391033827661
19,55,1.0544370227975342
19,56,1.4851769992404111
19,57,1.023001549341434
19,58,1.4932085625526663
19,59,1.4721153771004056
19,60,1.4148266263540765
19,61,1.2441274586861453
19,62,1.38429491660946
19,63,0.8276350285555459
19,64,1.3997307315731793
19,65,1.0483603491224684
19,66,1.2376331045471254
19,69,0.9955361188084708
19,70,1.031486087775105
19,71,1.3546940653780934
19,72,1.312111279652219
19,73,1.193169167132648
19,74,0.8972777081736301
19,75,1.305925041467813
19,76,1.369154081059552
19,77,1.0174803422550078
19,78,1.0376949937483717
19,79,0.9710945053958118
19,80,1.4504309801300854
19,81,1.4655328961422094
19,82,1.1669885848217225
19,83,1.165591804825056
19,84,1.4562313717958713
19,85,1.4783527773058092
19,86,1.1174802868846365
19,87,0.9347857067467423
19,88,0.9884862204723435
19,89,0.9985111333195542
20,45,1.1543940477982222
20,46,0.8752234722566586
20,47,1.0036362025495642
20,48,1.0596200140522574
20,49,1.4286500046299264
20,50,0.8234933253647602
20,51,1.2792072881531253
20,52,0.9816192088325244
20,53,1.1980959479993152
20,54,1.163394079102858
20,55,1.3603708459088604
20,56,1.3723895215267097
20,57,1.2998368613578704
20,58,1.2363718409809374
20,59,0.9621102869796354
20,60,0.9045877364977796
20,61,1.4071737105250661
20,62,1.3211052000094368
20,63,1.1706070272061178
20,64,0.8877279368387938
20,65,0.9971772885551717
20,66,1.2327985365307315
20,69,1.131559413249505
20,70,1.4469805864381828
20,71,1.3282861718038848
20,72,1.0227159284585683
20,73,1.347759695448764
20,74,1.3414588499678017
20,75,0.8312212880785326
20,76,1.3207237698395007
20,77,0.8824047427532594
20,78,0.9574888129586844
20,79,1.2792142416121983
20,80,1.0012152335605378
20,81,1.0130363072477537
20,82,1.2254002283961014
20,83,1.2324826144523615
20,84,0.8535698032433076
20,85,0.9261526951278249
20,86,0.9104431946374968
20,87,1.016208409271061
20,88,0.9647470802798725
20,89,1.4239742965043054
21,45,1.1914012797715707
21,46,1.1059134352025923
21,47,1.069887013037084
21,48,0.9326495330227474
21,49,0.8774676954874663
21,50,0.9321109155393924
21,51,1.4203316488169047
21,52,1.3047607025558978
21,53,0.8213267067041103
21,54,1.3485704922314234
21,55,1.1186698540546776
21,56,1.2821312171630908
21,57,1.080246751810704
21,58,1.0672225832533062
21,59,0.8292501686671273
21,60,1.2299051001759165
21,61,1.1458386278244725
21,62,0.8144740365591092
21,63,1.489426014898056
21,64,1.2857880275632205
21,65,1.0420393224950888
21,66,1.1223133226649398
21,69,1.4896934168105194
21,70,0.8554647006330526
21,71,1.062915487191371
21,72,1.2324975988968563
21,73,0.9703461511702595
21,74,1.2322197288007835
21,75,0.8399763948387364
21,76,0.8023882562514544
21,77,1.389454441298231
21,78,0.9585403156059298
21,79,0.8303337423211025
21,80,1.4768920673449446
21,81,0.8760326374312422
21,82,1.2305103892019749
21,83,1.408951290620862
21,84,0.9393558743443273
21,85,0.9894157670829484
21,86,1.417090517622903
21,87,1.0327463810379922
21,88,0.8750549118987198
21,89,1.284951473404626
22,46,1.2273118005273016
22,47,1.3409286639237803
22,48,1.1161998149854986
22,49,0.9020321122479449
22,50,1.4057473607612783
22,51,1.4229407835286219
22,52,1.4871994959594497
22,53,1.2127464266678245
22,54,1.3499515131919346
22,55,1.3996728195833708
22,69,1.0914762371160123
22,70,1.3415019463806293
22,71,0.8925441554584534
22,72,0.8246495221458368
22,73,0.8408289673454444
22,74,0.844215243103342
22,75,1.0031924380114576
22,76,1.2921770146885088
22,77,0.8883766607928394
23,46,1.2512250766458592
23,47,1.0782283393942873
23,48,1.2917193245892622
23,49,0.9065007883265165
23,50,1.1931787468257165
23,51,1.2155012087096484
23,52,1.3395501032775532
23,53,1.0578050695833747
23,54,0.8161270346514142
23,55,1.2357928236913933
23,69,1.4184890435638364
23,70,1.3654250449436673
23,71,1.1612853805166408
23,72,1.0727317993007013
23,73,1.1895477466054052
23,74,1.4587176908848287
23,75,1.0597504787816798
23,76,1.2776285668990786
23,77,1.349721670806156
24,45,1.117162643821239
24,46,0.8648980345959609
24,47,1.2091473538440747
24,48,1.214510915730662
24,49,1.0869489355296467
24,50,1.26325736374836
24,51,0.9733727756292136
24,52,1.2667385683451626
24,53,1.3396881814141546
24,54,1.440159966353722
24,55,1.4554953880828796
24,56,1.186626160871318
24,57,0.9354308337163882
24,58,0.8089400052277231
24,59,1.2960149563607473
24,60,1.2308261349807335
24,61,0.8772814843495756
24,62,0.9587859377379612
24,63,1.0331758681265326
24,64,1.191181500648371
24,65,1.31337692917195
24,66,1.476743824484672
24,67,0.8587310617098247
24,68,1.2802392045629687
24,70,0.8523821762057473
24,71,1.0614072146837477
24,72,1.3509141187918514
24,73,1.0842463827509619
24,74,0.9939254456271658
24,75,1.2413741999798462
24,76,1.3554895343322295
24,77,1.2117955861855993
24,78,0.9617529663882542
24,79,1.0451463003309038
24,80,0.9694795188759311
24,81,0.9510025107049154
24,82,1.089238497107453
24,83,1.2739093143466442
24,84,1.429264114164093
24,85,1.3388518926263608
24,86,0.919523886468612
24,87,0.8669156422374322
24,88,0.8945775928890041
24,89,1.1690150584420824
25,45,1.1552532155595425
25,46,1.1098095399798193
25,47,0.9383058780363228
25,48,0.9091985141380708
25,49,0.8570506347543984
25,50,1.2392497307221282
25,51,1.0758516542404835
25,52,1.2603090980640677
25,53,1.253602575426382
25,54,1.251284254192216
25,55,0.8974426962499042
25,56,1.151756980830502
25,57,0.9157054801737202
25,58,1.1804435092131933
25,59,1.2120352143083886
25,60,1.3623134329060496
25,61,1.1934959817497413
25,62,1.3213982619102782
25,63,1.4326581151737519
25,64,1.4536781054080554
25,65,0.8635475306250696
25,66,0.8256555978368891
25,67,1.4664173113854932
25,68,0.8336961367714206
25,69,1.415679266458226
25,71,1.3371835834480605
25,72,1.0785258862227627
25,73,1.1323447689493555
25,74,0.9922101024358576
25,75,1.1471983598630757
25,76,1.310330414167973
25,77,1.4529970307997435
25,78,1.0903337090533916
25,79,1.444624284137658
25,80,1.467083058829704
25,81,0.8870722599385268
25,82,1.1946471311026643
25,83,1.0716430345162469
25,84,1.4446218150104162
25,85,1.3642064135045753
25,86,1.3029846845426447
25,87,1.151182982902713
25,88,1.4523879357318141
25,89,1.4716679043340677
26,45,1.383400970176502
26,46,1.4974382120487308
26,47,1.1355132844261322
26,48,1.466913277518449
26,49,1.4804305090582495
26,50,1.1260885292358997
26,51,0.8247690223085538
26,52,1.4185313730357239
26,53,1.0339539825812263
26,54,1.071375870547233
26,55,1.2004799060479008
26,56,1.4003591089930243
26,57,0.9393416531275386
26,58,1.0597419320859873
26,59,1.0286973402004262
26,60,0.8015616680075444
26,61,0.8677650103556775
26,62,1.2208795815713462
26,63,1.3568353239457864
26,64,0.8936496378146386
26,65,1.0239232071840927
26,66,1.439422568932585
26,67,1.0859089259253625
26,68,0.8627130847799815
26,69,1.3682187319495391
26,70,1.074715026014514
26,72,0.963551032363491
26,73,0.9898955712076885
26,74,1.2171423367800713
26,75,1.2767966927789143
26,76,0.9768709071287828
26,77,1.155103093253225
26,78,0.8492627222102984
26,79,0.8321445112841042
26,80,1.167003967166547
26,81,1.436905919536466
26,82,1.0305686694756473
26,83,0.9736855399872346
26,84,1.3028268705672612
26,85,0.8421640879962313
26,86,1.0122971110007364
26,87,1.4002559746854526
26,88,1.0704293040355455
26,89,1.492847792076971
27,45,1.4724453389669039
27,46,1.2927751334320767
27,47,1.1301187009092863
27,48,1.1424947898565445
27,49,1.2996500566300924
27,50,0.8574482451548476
27,51,0.8108948795503739
27,52,1.4787416387937502
27,53,0.8164660059760434
27,54,1.1676034712045653
27,55,1.4798293669726101
27,56,1.321533611344781
27,57,1.4289635898530824
27,58,0.8158754542714494
27,59,1.1412974109921652
27,60,1.051738058275799
27,61,0.9098535792779459
27,62,1.3984065734732427
27,63,0.8550854975933827
27,64,0.9365734987749456
27,65,1.0759899985572456
27,66,1.3795389041372412
27,67,0.9679762743655043
27,68,1.445580496851096
27,69,1.070075949528206
27,70,1.1346166234169945
27,71,1.0386487572938499
27,73,1.1628163459643586
27,74,1.2760799263469926
27,75,1.4500163217361912
27,76,1.296424308680166
27,77,1.2324397759285521
27,78,1.34816102334028
27,79,1.1945593971525539
27,80,1.2334880201375076
27,81,1.1455063553198395
27,82,1.2613238531677697
27,83,1.3881879273667397
27,84,0.8743393007581693
27,85,0.9124773191854363
27,86,1.2963980419877905
27,87,1.1527123179913534
27,88,1.0957684552724878
27,89,1.2160604372573856
28,45,1.3839205436541584
28,46,1.2290995426901365
28,47,1.1069008091571806
28,48,1.0206219305838542
28,49,1.3077180952311784
28,50,0.8433146682123449
28,51,1.1385004039157753
28,52,1.053189550060679
28,53,0.8072480435080606
28,54,0.8615799207892534
28,55,0.8051293896607367
28,56,1.3254975185626945
28,57,0.8415011068888182
28,58,1.2310276007662144
28,59,0.9910415963021433
28,60,1.4936919821343957
28,61,0.938893040333704
28,62,1.409022360773443
28,63,1.36252363029551
28,64,0.8877784455883992
28,65,0.920115686151048
28,66,0.8738534824161102
28,67,1.4753305194350017
28,68,1.2600447376642347
28,69,0.828989015018545
28,70,1.178499057677956
28,71,1.373939355297869
28,72,1.4070194425569253
28,74,1.125786723391671
28,75,1.0152500604405614
28,76,1.3133604171668574
28,77,0.8838159541613166
28,78,1.4187907773618837
28,79,1.4404921628857026
28,80,1.0991292976448972
28,81,1.4732434009452324
28,82,0.9875463881677014
28,83,0.8526070681158586
28,84,1.4964007588544748
28,85,1.4235143675683677
28,86,0.8215019881547261
28,87,1.0541480140074364
28,88,0.9557884962212948
28,89,0.8011557974234775
29,45,0.8375824672499469
29,46,0.9748100279985965
29,47,0.8867926557368829
29,48,1.1402036359309047
29,49,1.1496123624463037
29,50,1.4537041147755607
29,51,1.3211131050570506
29,52,0.8887250259272461
29,53,1.29067514701425
29,54,0.9179374198585103
29,55,1.2007131943847629
29,56,1.3492561137710977
29,57,1.0327069727859741
29,58,1.2772170132697251
29,59,0.8399251609282704
29,60,1.1174498631961876
29,61,1.0750645599085704
29,62,0.9142976544222754
29,63,1.0137464077563998
29,64,0.9146484102442548
29,65,1.1742260962322728
29,66,0.9751099713190535
29,67,0.9058226542366472
29,68,1.1011923764421148
29,69,0.9097688532029213
29,70,1.1753024357246922
29,71,0.8268397674457006
29,72,0.8724770509701707
29,73,0.8796522196445588
29,75,1.3584356430159492
29,76,0.8316240214505602
29,77,1.27238884721258
29,78,1.2365195911715667
29,79,1.2442468119557206
29,80,1.1472206285416204
29,81,0.8667186455256816
29,82,1.4350013870300593
29,83,0.9187695566766343
29,84,0.9779450587000859
29,85,1.425392960445743
29,86,0.9507790748481314
29,87,1.2188020688358063
29,88,0.9094122517380832
29,89,1.1955852692463766
30,45,1.1815411400908007
30,46,1.2705282183297135
30,47,1.2077511048881162
30,48,1.3468136529625077
30,49,0.8681912255914572
30,50,1.4198883910152444
30,51,1.2786478918269237
30,52,1.1852049876377495
30,53,1.4171928729819607
30,54,0.8401555488955118
30,55,1.0751540998262692
30,56,1.2281732586536376
30,57,1.0524880945308617
30,58,0.9323287262978708
30,59,1.3591421112590458
30,60,1.208044934070601
30,61,1.3185524071902415
30,62,1.2027262685838178
30,63,0.8918228751108475
30,64,0.8925103670871735
30,65,1.3400784072908096
30,66,1.354781071528603
30,67,1.3893219946323776
30,68,1.4063828712071258
30,69,0.8881231595918037
30,70,1.0103594851004911
30,71,0.9700727930755878
30,72,1.3972334667736772
30,73,1.4874305035291995
30,74,1.0676138916031277
30,76,1.4892454729183409
30,77,1.0016196223957736
30,78,1.1497219520533672
30,79,1.089570900578575
30,80,1.3146461481257186
30,81,1.3524641610108614
30,82,1.2832595236976745
30,83,0.8005272045944705
30,84,1.0210115023519437
30,85,1.0059453982538218
30,86,1.1249964105998094
30,87,0.9924433795339642
30,88,0.8782597889791905
30,89,0.8518080644006102
31,45,1.442580619908177
31,46,0.8452177514786973
31,47,1.249705817097734
31,48,1.015326158934766
31,49,1.0318341295335045
31,50,0.9267836667465184
31,51,0.8999300357628095
31,52,0.8798508328610746
31,53,1.4625130391333068
31,54,1.4758903678439255
31,55,1.3895925317219038
31,56,0.9486395497223915
31,57,1.3231107761270207
31,58,0.9619264837612529
31,59,0.9717948016617007
31,60,1.1931730596265067
31,61,1.4621788100334001
31,62,1.3113082324570182
31,63,1.3191984470611866
31,64,0.8824831375112864
31,65,1.2402067035186772
31,66,1.3835335177702617
31,67,1.1435993875676311
31,68,0.9751617159626311
31,69,1.010261732121129
31,70,1.4515891766942806
31,71,0.8697663879145295
31,72,1.1647955542004116
31,73,1.2885112775896397
31,74,0.9580480564824201
31,75,1.355699849339798
31,77,1.4094968712491318
31,78,0.842023285678601
31,79,1.3774108720946168
31,80,1.4899764454604822
31,81,1.1053442263917193
31,82,0.8648336510400291
31,83,0.8422514469392153
31,84,1.2313552564023307
31,85,1.384419040039968
31,86,0.8461132621439903
31,87,0.8757401761117205
31,88,1.299345627055396
31,89,1.1608914072577534
32,45,1.2112676471759074
32,46,1.2780637016769658
32,47,1.321322794017291
32,48,1.1692757568389716
32,49,0.8759714194196181
32,50,0.9594286253449894
32,51,1.38915585899271
32,52,1.0149768183005805
32,53,1.1740040789366382
32,54,0.8482732280661108
32,55,1.0368497639197702
32,56,1.247582129152319
32,57,1.1858637872407662
32,58,0.8050289995968563
32,59,1.0324907914327026
32,60,1.4070350922724315
32,61,1.0138979937946324
32,62,1.444478737710952
32,63,1.1800475215334338
32,64,1.143029461946435
32,65,1.1868256260281864
32,66,1.067785477011598
32,67,1.0979841367212702
32,68,1.316561190804757
32,69,0.9641740972620253
32,70,1.0162541635399702
32,71,1.1315729294882897
32,72,1.468284344152636
32,73,0.9019436319100301
32,74,1.1959885277420281
32,75,1.2990764761383262
32,76,1.1707192909396413
32,78,0.9069703839337648
32,79,1.321723157885682
32,80,1.3243011055875238
32,81,1.172398420307277
32,82,1.341043659189018
32,83,0.8697125613575601
32,84,1.1715956149444426
32,85,0.9514247752348336
32,86,0.8307893867354179
32,87,1.3474586916535307
32,88,0.9170676140367112
32,89,1.237970229636811
33,45,1.1853344635070717
33,46,1.10573379472602
33,47,0.9617810108574453
33,48,1.2642421602429945
33,49,1.0120879772639988
33,50,1.2076754375299905
33,51,1.1274988441959664
33,52,0.9642657054786324
33,53,1.1417411499419052
33,54,1.371489739953492
33,55,1.3892159100659618
33,56,1.3239937295119848
33,57,0.8938763053519359
33,58,1.2462418489866915
33,59,1.4313588743189263
33,60,0.9391435903557267
33,61,1.4740187933609465
33,62,1.4187050665342174
33,63,1.328433965329142
33,64,1.1545025176157915
33,65,0.9426897557086265
33,66,0.8122607579381252
33,70,1.1749092180076106
33,71,1.193700808069578
33,72,1.424215495803201
33,73,1.1542102573432065
33,74,1.4370656513650615
33,75,1.4243419815090317
33,76,1.0016038029979866
33,77,0.9477777678810576
33,79,1.062726304570674
33,80,1.2529108184425588
33,81,0.8909867343644124
33,82,1.3397052457612426
33,83,0.985932047599497
33,84,1.2347145063070828
33,85,1.067187939903118
33,86,0.9324706185283274
33,87,0.9970661484861736
33,88,1.3597426409781033
33,89,1.1866817979664153
34,45,1.3193061145496365
34,46,1.1133560847585628
34,47,1.159053907253334
34,48,1.0414175867007545
34,49,1.22832260827512
34,50,1.090931302560634
34,51,1.1847817955583269
34,52,1.1203001669232298
34,53,1.021949808956918
34,54,1.4267826576633726
34,55,0.8194269239981884
34,56,1.0868165717870724
34,57,1.235870484313229
34,58,0.8928991570155946
34,59,1.0370412540233263
34,60,1.3187688881891784
34,61,1.1589468015379956
34,62,1.3103622508950243
34,63,1.0801285228995772
34,64,1.4776143869826228
34,65,1.4665120663846438
34,66,0.8342362734070087
34,71,1.3833813938033455
34,72,1.085290110043835
34,73,0.8312505494210233
34,74,0.8106624260309465
34,75,1.0572169336057036
34,76,0.9623981001155852
34,77,1.3486345662582446
34,78,1.3401970681798447
34,79,1.3999505580920912
34,80,1.012970753221135
34,81,1.1098665164826294
34,82,1.313944171709546
34,83,1.1295964071786813
34,84,0.9941278914331833
34,85,1.1639055390740267
34,86,1.0931987101865759
34,87,1.0714008220809712
34,88,1.179035991878327
34,89,1.4495328135383025
35,46,1.1172237669643648
35,47,1.1582808116682508
35,48,1.1826801292152842
35,49,1.484476685155587
35,50,0.811266079759745
35,51,1.0648969922287224
35,52,1.2134283505263894
35,53,1.2535139834650355
35,54,1.4551571339780904
35,55,1.4089099240297904
35,56,1.4762134386182946
35,57,1.4506977409865158
35,58,1.0641089896490157
35,59,1.0145484498288582
35,60,0.9984890187593386
35,61,1.3561735048526442
35,62,1.3507983855263743
35,63,1.2225667538647582
35,64,1.1302392743644165
35,65,1.2883822142770125
35,66,1.100201983801807
35,72,0.8406905206664027
35,73,0.8505306654582938
35,74,1.4869617078191173
35,75,0.8799824136612083
35,76,0.9101785751034892
35,77,0.820259673182012
35,78,0.887588240535292
35,79,1.4018655506673618
35,80,1.3088387533582035
35,81,1.0050763453411384
35,82,1.0963195898720015
35,83,1.4153797825814052
35,84,0.9449185108540943
35,85,0.8942279928425606
35,86,0.9863184587065355
35,87,1.0023943595939957
35,88,1.0490277816455995
35,89,1.2541189766351395
36,46,1.2474026126926616
36,47,0.9035809068097618
36,48,0.9815192096419249
36,49,1.1205970198295534
36,50,1.3466179611192008
36,51,0.89299930512539
36,52,1.160706547274446
36,53,0.8915300578993419
36,54,0.9280018662811809
36,55,1.1859467416164478
36,56,0.8014058474127332
36,57,0.8774569846969917
36,58,1.0831180465972023
36,59,1.1209095471588633
36,60,1.1900861506953642
36,61,1.1238509100378489
36,62,0.9796825007549852
36,63,0.9226904942546009
36,64,1.3174971302267302
36,65,0.9203768595193431
36,66,1.18164950193353
36,67,0.9499521079317859
36,68,0.8167900012395506
36,69,1.3640620946330801
36,73,1.2235861250483437
36,74,1.4162411517999192
36,75,1.002713851423752
36,76,1.2407347301350977
36,77,1.4199889423894754
36,78,1.0701245326578348
36,79,1.1758387077919208
36,80,1.3646992484111364
36,81,0.8284230861019861
36,82,0.8163730543151978
36,83,1.2839676497753165
36,84,1.2725615472589191
36,85,0.922137570471324
36,86,0.8850773648020487
36,87,1.1610430838166674
36,88,1.3496849483360704
36,89,1.1195719934659376
37,46,1.0870931004912998
37,47,1.3943209735190187
37,48,1.4699364874038634
37,49,1.1020258647453844
37,50,1.2323306547404065
37,51,0.9362163113482389
37,52,1.046342945054971
37,53,1.34185003878699
37,54,1.259031532413644
37,55,1.343590563229217
37,56,1.3046526438690402
37,57,1.3928704256868611
37,58,1.3522450380622035
37,59,1.0995562319182093
37,60,0.9119474076129597
37,61,1.2000978325081189
37,62,1.1357413026890124
37,63,1.4007592330154628
37,64,1.3538946845485618
37,65,0.894119500999168
37,66,1.4529026080168785
37,67,1.4212075420019077
37,68,1.056983979161866
37,69,1.328316472979124
37,70,1.4588408996026068
37,74,1.2998172892754039
37,75,1.2889968081793144
37,76,1.285552591681461
37,77,1.31274466618781
37,78,1.4986584466444504
37,79,1.4035191430650231
37,80,0.9578666090553565
37,81,0.8572154855971625
37,82,1.1690649238222655
37,83,1.298302676122578
37,84,0.8924776716099976
37,85,0.971390673497516
37,86,1.1933503666668797
37,87,1.4595283726813768
37,88,1.48545655710972
37,89,1.477001673211456
38,46,0.9306010114882102
38,47,1.169857037146924
38,48,1.0931934200035205
38,49,1.3817101807142123
38,50,1.381780296073809
38,51,1.241252723633023
38,52,1.0915371796635842
38,53,0.9678361429669717
38,54,1.2201776750787325
38,55,1.1001864385737883
38,56,1.3140311220823238
38,57,1.3453710157111183
38,58,0.8788305218138335
38,59,1.4524216514879627
38,60,0.8284592870307004
38,61,1.0192052847226385
38,62,1.3594396497276402
38,63,0.8481239688505037
38,64,0.9168923250716206
38,65,1.3571336255475088
38,66,1.3191749473333516
38,67,0.8803835567018995
38,68,1.0285754243638574
38,69,1.249823270056448
38,70,0.8051815553216289
38,71,1.2162679597370816
38,75,1.263667278858105
38,76,0.9553851048132571
38,77,1.1844944046385337
38,78,1.4532029793166745
38,79,0.8508535491997772
38,80,1.2550270886066701
38,81,1.385659482245759
38,82,0.8393635351284787
38,83,0.8667901618253949
38,84,1.4777197485963893
38,85,0.8216486285500034
38,86,1.11794511079672
38,87,1.0540701023927292
38,88,0.8836940457972758
38,89,0.8275921775252555
39,46,0.8939509853570914
39,47,0.8334585478538563
39,48,1.2771036773270372
39,49,1.3659036857528002
39,50,0.9918986004272998
39,51,1.0512618561865856
39,52,0.947933845337958
39,53,1.4576120017145824
39,54,1.3796997012645877
39,55,1.2710918912401483
39,56,1.2151344869297698
39,57,1.0971239230047014
39,58,0.8130874707205984
39,59,0.9347586739807554
39,60,1.1413172974623342
39,61,1.2733210590758008
39,62,1.125740708089835
39,63,1.4585845047575565
39,64,1.1517803994606293
39,65,0.871136134933989
39,66,0.8235127882552369
39,67,1.4609579183290546
39,68,1.3345768703242626
39,69,1.0124189795907472
39,70,1.2873856028259223
39,71,1.010588364122619
39,72,0.8657641509243792
39,76,1.470644182842137
39,77,0.9223542634173775
39,78,1.3900509029121058
39,79,1.3290577924916993
39,80,1.1086123948837583
39,81,1.2598094282754615
39,82,1.1855557852664118
39,83,1.1940940068254007
39,84,1.130409479008286
39,85,1.444840065502505
39,86,0.9889112978825059
39,87,0.8377667009180766
39,88,0.8996767462960666
39,89,1.281424929598766
40,46,1.130937524938509
40,47,0.8452844595043294
40,48,1.1212868572273442
40,49,0.897010389072276
40,50,1.2475869254576017
40,51,1.0993080744762695
40,52,1.3159890109181895
40,53,0.9044035961915888
40,54,1.3161955140515134
40,55,0.9306023346237897
40,56,1.220705102479808
40,57,1.2051219516267477
40,58,0.9822961726421366
40,59,1.2046769450409556
40,60,1.4191257947258438
40,61,1.2129446553720822
40,62,1.156379915187682
40,63,1.332966121663146
40,64,1.391448084508199
40,65,1.077781232912922
40,66,1.2769940411033767
40,67,1.1838664379620725
40,68,0.8751166569806204
40,69,0.9290768823991538
40,70,1.3905095364377864
40,71,1.4874805984405763
40,72,1.3801155046109483
40,73,0.9629048830808087
40,77,1.2979506142487423
40,78,0.9972937686614373
40,79,0.8339946387161714
40,80,0.8833293699272511
40,81,1.241406289123465
40,82,1.0242382765055722
40,83,1.2922045681097556
40,84,0.9639046715573254
40,85,1.4835243764366337
40,86,0.8552594063390389
40,87,0.9964467850305747
40,88,1.3861355075045823
40,89,1.1388932971959154
41,46,1.252241784806765
41,47,1.274636616903798
41,48,1.1771092608668452
41,49,1.289611405903405
41,50,1.0115704657178108
41,51,0.9307492441243806
41,52,1.2206616266852508
41,53,1.3868066248677953
41,54,1.3498417731270402
41,55,0.8912166012217642
41,56,1.3914111802721085
41,57,1.1074263969274327
41,58,0.9589564851203132
41,59,0.9646382354829658
41,60,1.164086991516176
41,61,1.2729489624812986
41,62,1.0991930349350583
41,63,1.3386588821138898
41,64,1.3755545459966818
41,65,1.245665862891732
41,66,0.9413117682290892
41,67,1.2487834501379655
41,68,0.9403648800250711
41,69,0.8577616486699966
41,70,1.0040595679544957
41,71,1.3849136473010417
41,72,1.2188503711735565
41,73,0.8462947763821028
41,74,1.4124257168866734
41,78,1.1056793409078487
41,79,1.3007624052762494
41,80,1.3070159807612116
41,81,1.0927732786213926
41,82,1.2741454365765326
41,83,1.3175077094973053
41,84,1.2341937014878703
41,85,1.168555547456527
41,86,0.965875924037976
41,87,1.2510191677541043
41,88,0.8778337349916158
41,89,1.33253455714302
42,46,1.1026755949598457
42,47,0.9409725076773569
42,48,1.0670600067287643
42,49,0.996829908049014
42,50,0.9928531314974491
42,51,1.4962711113690284
42,52,0.9026975614294889
42,53,1.4010422147873802
42,54,1.2711873804359297
42,55,1.2325293145517053
42,56,0.9393598373297776
42,57,0.8883440761931105
42,58,1.471608705681204
42,59,1.0891590079143112
42,60,0.8730857651926295
42,61,1.0430792806427276
42,62,1.2295558523836627
42,63,1.3815002112192356
42,64,1.4048384138730772
42,65,1.3610994890610701
42,66,1.3395383720957001
42,67,1.4906072358497962
42,68,1.135003916760079
42,69,1.0010795802891033
42,70,0.9154975696117967
42,71,1.4174584929214231
42,72,1.1781253757710775
42,73,0.9460642529998669
42,74,0.8552888724472216
42,75,1.0069654707465887
42,79,0.8269818904707061
42,80,0.8070805692564008
42,81,0.8012678978472099
42,82,1.2015826598872015
42,83,1.2525096829179025
42,84,1.4341226580267392
42,85,1.328628355110241
42,86,0.8705319799807096
42,87,1.109397028771803
42,88,0.8608596390559398
42,89,1.2717844489364751
43,46,1.3236760877779514
43,47,1.1454775256417615
43,48,1.0427899777136944
43,49,0.825430499218485
43,50,0.8094012584350037
43,51,0.8222302413316968
43,52,1.2653788913735862
43,53,1.1047779583362787
43,54,1.2138999707233642
43,55,0.8834786224981109
43,56,1.3631284143283993
43,57,1.0732880624802832
43,58,1.0661116807051392
43,59,0.8450761642681577
43,60,1.468672776192099
43,61,0.8166903147496684
43,62,1.4469866405924574
43,63,0.9397197804757352
43,64,1.2763343080892182
43,65,1.1677670966622669
43,66,1.2602404205377824
43,67,1.3513398464694997
43,68,1.232208715091912
43,69,1.2743213768946098
43,70,0.86982433535485
43,71,0.9878865009201458
43,72,1.3091403730891653
43,73,0.9046067397162811
43,74,1.317430816749901
43,75,1.1558755337128883
43,76,1.2040222070731839
43,80,1.237823502981492
43,81,1.4046494949827237
43,82,1.2303473931923063
43,83,1.068154821483241
43,84,0.9612847510359142
43,85,0.9831983984287664
43,86,1.2592948278573315
43,87,0.8372369190983623
43,88,1.085078055513731
43,89,1.2307534585158326
44,46,1.042135681707369
44,47,0.8732690579290643
44,48,0.9158672707132153
44,49,1.1258385140789895
44,50,1.1518015874449143
44,51,1.3355694607773478
44,52,1.0131171701962047
44,53,0.8053106878798565
44,54,1.0249356283900735
44,55,1.1351146146154176
44,56,1.0222885801283845
44,57,1.4317059923219522
44,58,1.3895450629603894
44,59,1.1341587647265066
44,60,1.3242618056727204
44,61,1.2401786925191862
44,62,1.1448803137487005
44,63,1.0802045473323396
44,64,1.331123495508276
44,65,1.4019664993079402
44,66,0.9170165579102715
44,67,1.4614409717547416
44,68,0.9136788384869519
44,69,0.8042610532869697
44,70,1.1394783266700816
44,71,1.0953526048303666
44,72,1.1900017829488327
44,73,1.2530779132723897
44,74,1.1439235522904527
44,75,0.9756997317892246
44,76,1.0210741068173224
44,77,0.9704913331151331
44,81,0.8027249688619127
44,82,0.9228405022273553
44,83,1.0795998238158473
44,84,1.2402034649336617
44,85,1.0436888715063053
44,86,1.0163657617500337
44,87,1.0659719531950564
44,88,1.466919329712641
44,89,0.9723509623949764
45,46,0.9037156877920289
45,47,0.8496884825916855
45,48,0.906504725702359
45,49,1.3040612726405314
45,50,1.0753825586689874
45,51,0.9954933924452248
45,52,0.9793979187810312
45,53,0.970815098324225
45,54,1.1137119407225207
45,55,0.9974801439673302
45,56,1.4013224141325482
45,57,1.1300473023942956
45,58,1.0630826933775779
45,59,1.085858292104274
45,60,0.9755967580978936
45,61,1.1107912975493959
45,62,1.3866923368791806
45,63,1.031525138983832
45,64,1.0866128922945468
45,65,1.215534062018068
45,66,0.8564609229683754
